Matt_Hamill_counts
[-0.1373402869130549, -4.602083652352181, -7.9666594077981365]
[-0.43844477362831674, -7.019616005785586, -20.038843437412144]
Léonie_Gilmour_counts
[-0.004812304549825612, 0.18250318399158372, 1.6404311872415818]
[-0.01210249863891591, 0.04187818399158372, 1.1404311872415822]
Albertus_Soegijapranata_counts
[-0.004265230645316705, -0.1623750971233004, 6.254514052441498]
[-0.005580498869616821, -0.20921174281741417, 8.299446131856332]
Shin_Jae-hyo_counts
[0.18081077192444345, -0.17733897287766764, -2.5000000000000027]
[-0.06792486025946458, -0.9422131147540981, -9.500000000000007]
Mary_Kom_counts
[0.04883271963079863, -7.899095420717098, 2.7102504756673707]
[0.019278880343747612, -6.792588459832798, -1.0298764135557352]
Alfred_Hitchcock_counts
[-0.07437729070325294, -8.046297802599438, -6.150850828312333]
[-0.10976003023757583, -5.393567532169248, -10.245929466156756]
Bethany_Hamilton_counts
[-1.022494638330407, -11.554767789898431, -64.60293791384622]
[-1.0118202371854363, -11.659451658013673, -33.0526371878276]
David_Lipsky_counts
[-0.23971149305323958, -0.9047558989795365, -2.295157842926379]
[-0.03971149305323956, -0.9047558989795365, -2.295157842926379]
Renato_Vallanzasca_counts
[0.46377343414833017, -0.6129162680179818, -15.857430617726045]
[0.4417159735366527, -1.7674617225634364, -15.857430617726045]
Nina_Simone_counts
[-0.26219980016581046, -2.44602375847833, -18.716597326839285]
[-0.26560547041820787, -2.5354999723978384, -17.775808320797346]
Michael_Burry_counts
[-0.24013365407916676, -0.45333506675458857, -3.8685804764469847]
[-0.19537557590374122, -2.5923750726533092, -5.7879419703104]
Danny_Greene_counts
[-0.06501832012418496, -2.923761253049896, -17.1590723324344]
[-0.06135910425271546, -2.8992988344268933, -17.1590723324344]
Ariel_Castro_kidnappings_counts
[-0.06696947445589149, -6.2357380290356605, -5.1017735284749]
[-0.12121763543804254, -6.904634978678937, -7.323828644496595]
Anita_Hill_counts
[0.007121529336685417, -2.4560937745679836, -10.595381061578838]
[0.0035208969808452895, -2.365597567026879, -11.255967602039192]
Phiona_Mutesi_counts
[-0.007324744912297287, 0.8326025037111329, -9.58086971732232]
[-0.04319696405442995, -0.12659084045962476, -16.186164503744283]
Hank_Williams_counts
[-0.48381397002085036, -5.123345607585993, -14.068567233150645]
[-0.4277335767296695, -4.1639604056883766, -12.931253008101073]
Baji_Rao_I_counts
[-0.17669229417568583, -2.900426010881184, -24.852303645643723]
[-0.16817694056643698, -3.7639495840821766, -24.852303645643723]
Vincent_van_Gogh_counts
[-0.34698994134417604, -10.436091987776821, 1.6349110434137561]
[4.356901631846766e-05, 0.002294458147346745, -0.009312833562427958]
Xiao_Hong_counts
[-0.12599635349689436, -2.2991578228170884, 0]
[-0.12509858066126794, -2.28255572138127, 0]
Penny_Chenery_counts
[-0.0005074114630123361, -0.2590412969286151, -8.841629247118664]
[-0.023587188227817163, -0.6554791693931866, -10.091629247118668]
Brigitte_Bardot_counts
[-0.26044011222867824, -2.5206480950889563, -40.65782507442909]
[-0.28714540301269126, -3.2222316925490815, -48.00045506423383]
Liberace_counts
[-0.030794996972654004, -3.913713258398278, -15.442398009503071]
[-0.07125973129275129, -4.126110816130924, -13.647704854974759]
Abraham_Lincoln_counts
[-0.40035080702949927, -7.907711772938705, -20.67369732558328]
[-0.4635886104729202, -7.199360248807458, -20.461277424443654]
Martin_Luther_King_Jr._counts
[-0.16407443052487153, -2.969635656253345, -4.344775381981984]
[-0.1476618897250461, -3.5231514157737838, -2.8742593000551278]
Chico_Xavier_counts
[-0.07053629699780194, -3.8307344733164115, -20.911524413009488]
[-0.06652930448753255, -3.576803937093173, -22.379778381263453]
Jacqueline_Kennedy_Onassis_counts
[-0.24128095281634157, -6.62369060733224, -14.800684728738206]
[-0.24783808391124043, -6.935628161086823, -12.237039002520026]
Lizzie_Borden_counts
[-0.4232021030768828, 3.240715457318629, -47.92684491915571]
[-0.3925645425620107, 5.4639017411807735, -46.18195557181888]
.DS_S
[-0.4232021030768828, 3.240715457318629, -47.92684491915571]
[-0.3925645425620107, 5.4639017411807735, -46.18195557181888]
Bernie_Tiede_counts
[-0.08323029283267719, -5.360808613473224, -4.327528354178842]
[-0.0842498856228233, -5.3997002671757945, -4.452528354178842]
Diana,_Princess_of_Wales_counts
[-0.29301977462575335, -10.021203644523892, -23.225117699507937]
[-0.29301977462575335, -10.021203644523892, -23.225117699507937]
MS_Dhoni_counts
[0.0009478783365721999, -1.9752622609328694, -5.048204299598055]
[-0.041057887841352655, 0.3698688643494821, -6.26183538468185]
Felix_Manalo_counts
[-0.11887524192672166, -7.594866887883882, -29.55594381455621]
[-0.13849743402623432, -6.005473194963369, -59.9405591991715]
Lili_Elbe_counts
[-0.17429298462213544, -5.243064079882506, -12.24790501160593]
[-0.3606477127016452, -5.675634170498575, -7.747905011605937]
Mark_Schultz_(wrestler)_counts
[-0.05119688240885928, -2.3031025242867305, -12.228594311875376]
[-0.059926156323586166, -2.5729431821607425, -15.47999323389632]
Milkha_Singh_counts
[-0.07965507702951363, -1.9296978381565308, -15.534518985774133]
[-0.08449839405353676, -2.105893764497895, -17.692817274013265]
Solomon_Northup_counts
[-0.005838025139750236, 1.0460599362705914, 2.291505710037823]
[0.018807401251102793, -0.04453916994914753, -1.9251361403143914]
Vera_Brittain_counts
[0.033266168633143245, -1.6368704738741937, -14.001104503238256]
[-0.011015044844513405, -1.6509199578975682, -14.001104503238256]
Murder_of_Jessica_Lal_counts
[-0.06656627497558555, -1.6839559946825247, -7.958106838349394]
[-0.06055486217503258, -1.7513241955761152, -7.94149299710541]
Billy_Beane_counts
[0.11543230263946275, 0.31703699207118463, 9.65089626962349]
[0.09788336269338457, 0.11071128007551945, 11.976672117830597]
Jon_Abbate_counts
[-0.21228507962588333, -1.980862866520624, -9.499474086098171]
[-0.22420201540210805, -2.180862866520624, -9.832807419431504]
Sergei_Eisenstein_counts
[0.06867202044803973, 0.08118395923072774, 1.6271135543790232]
[0.029273029389055946, -0.47887477792052024, 0.12711355437901872]
Friedrich_Schiller_counts
[0.018013859967763002, -0.3846658759082757, -25.214689099412567]
[-0.04953235701489489, -1.1247974548556443, -26.464689099412567]
Valerie_Plame_counts
[-0.051233697809446296, -1.3572245349562364, -34.33394717465081]
[-0.07231835624653704, -1.6142000917805566, -35.35133847899864]
Howard_Winstone_counts
[-0.01936838710653531, -0.3242646191075085, 9.263854679802943]
[-0.05552332252547421, 2.4838565539508233, -18.236145320197053]
Stanley_Milgram_counts
[-0.08001568809404055, -4.792369261659161, -8.097678411039698]
[-0.08818779210599698, -1.8243053894036718, -9.018199410508066]
James_Hunt_counts
[0.04430249545227628, -0.6401203508174856, 6.381758118658035]
[0.04280990408470871, -0.9618156020497886, 5.231317690324677]
Augustine_of_Hippo_counts
[-0.1753739682772005, -5.917594197972015, -16.157768074006345]
[-0.07021900835130086, -2.001760233652629, -8.835419636539699]
Jack_Kevorkian_counts
[-0.3499041003982569, -6.535605713423836, -19.971304753273692]
[-0.295381930204375, -6.05230087144877, -20.137971419940367]
Edwin_Alonzo_Boyd_counts
[-0.048711462850544666, -1.9095985496780485, -2.28666626964599]
[-0.04791890781500983, -1.8683447509464945, -2.2158329363126565]
Tiziano_Terzani_counts
[-0.05328095017482642, 0.4937357255281474, -28.88951695786222]
[-0.07694420583001785, -0.86340713161471, -33.38951695786222]
Elizabeth_I_of_England_counts
[-0.39685186596471084, -5.229534850651799, -13.670337911764266]
[-0.39685186596471084, -5.229534850651799, -13.670337911764266]
Marium_Mukhtiar_counts
[-0.09287884818524884, -2.384939263426758, -3.57612080289731]
[-0.09756765089380766, -2.506809524290278, -4.065926812160078]
Paulo_Coelho_counts
[-0.2515008505614859, 1.1309603552427512, -20.156809167759]
[-0.3027782632234382, -0.49272707069591126, -23.363282540290157]
Conviction_(2010_film)_counts
[-0.15787630098148045, -3.1629246419064536, -11.174020915814259]
[0.00013572526929020445, 0.004197505920569444, -0.09174255963444011]
Kimani_Maruge_counts
[0.3758061757337465, -1.119477911646586, -5.088309178743961]
[-0.5571565449987583, -2.286144578313253, -5.088309178743961]
Ron_Woodroof_counts
[0.06602666395193059, -1.1328828368705162, -9.842161016949145]
[-0.05897333604806941, -1.3328828368705161, -9.842161016949145]
Harry_Houdini_counts
[-0.2766404385186448, -5.71172772799008, 19.90344899387231]
[-0.2805497926916072, -7.5149105596812955, 17.77495020951058]
Steven_Jay_Russell_counts
[0.025310480514784073, 8.263027088243337, -20.577548049323394]
[-0.030497053348082066, 7.812025722287408, -22.182755378156564]
Steve_Jobs_counts
[-0.1217597835704988, -12.18552651523843, -37.25772169414679]
[-0.3309483215973683, -10.654954670838633, -3.7563544641784077]
Paan_Singh_Tomar_counts
[-0.11589381929004883, -2.898114218454873, -64.00804547470585]
[-0.13428189457072434, -3.876033667391106, -60.34137880803928]
Tim_Maia_counts
[0.1630851872678851, 1.5812461445767005, -3.2117678336389095]
[0.30170379260475666, -1.2187538554232988, -3.2117678336389095]
Walt_Disney_counts
[-0.41097912368598244, -4.724369136005029, -4.653108450098166]
[-0.565636013623202, -5.719119975107327, -22.2128327992559]
Ferdinand_Marian_counts
[0.007441261811600264, 1.6820156398111528, 12.53888888888891]
[0.10913479999656522, 0.5820156398111528, 14.03888888888891]
Valeri_Kharlamov_counts
[-0.05580643969607188, -1.5690024901979642, -12.224097579153543]
[-0.05580643969607188, -1.5690024901979642, -12.224097579153543]
Bruce_Lee_counts
[-0.5555744552165855, -9.079454447912251, -45.8346038415245]
[-0.5525617535182787, -9.513313356085046, -35.091548398844516]
Beck_Weathers_counts
[0.017232957174743907, -1.3133570073929977, -5.148025327571474]
[-0.0376308699927794, -1.8525010574973821, -11.648025327571471]
Lyndon_B._Johnson_counts
[-0.23404762960366768, -6.619632666274809, -17.840369024130823]
[-0.2375593462186436, -6.737636552211459, -18.196907914443663]
Edward_de_Vere,_17th_Earl_of_Oxford_counts
[-0.15884412051538402, -1.8797293747172246, -0.25662411059154877]
[-0.14559769124655284, -3.106480198983764, -1.7042864913569318]
Rob_Hall_counts
[-0.03430400282204921, -1.4491474830864433, -4.426803091919961]
[0.050338416110256856, 0.12214971484458648, -34.156737707669116]
Frankie_Valli_counts
[-0.006530787790665099, 0.2191195640978263, 14.859038478904257]
[-0.14818835684611076, -4.994365896378227, -14.225869740895948]
An_American_Family_counts
[-0.07765899831952523, -2.615024487392838, -10.02136916962362]
[-0.2709469967871909, -5.448357820726171, -10.02136916962362]
Paul_Potts_counts
[-0.2526130602318237, -2.5067396740980783, -51.53731256669837]
[-0.26953028139024604, -2.6869699031743037, -48.537312566698375]
Donatella_Versace_counts
[-0.23412331933860492, 0.20631248284884074, -26.78096913573353]
[-0.3082127119767434, -0.21789808988082537, -26.78096913573353]
Dennis_Stock_counts
[-0.0009082578034294297, -0.02733585968917529, -0.20673476166750238]
[0.9594926841676313, -1.8576650050634655, -5.157407407407409]
Howard_Marks_counts
[0.02745131156014266, 1.8817531843731932, 8.110472809291746]
[-0.2782672489616008, 0.03023837756319714, -2.389527190708248]
Jack_Abramoff_counts
[-0.08360192991245774, -3.2285658185436237, -19.730454827589202]
[-0.142289673790786, -3.6794428768919505, -13.563187467642871]
Rocco_Granata_counts
[-0.06345881606885667, -0.7646363034627399, -0.24871418074944351]
[-0.11259322610291782, -1.273888436639919, -9.248714180749442]
Hannah_Arendt_counts
[-0.08328805009254614, -3.0071361772743006, 11.862504542892136]
[-0.08566336117056614, -2.7242600252337836, -2.321638679614254]
George_VI_counts
[0.23642768533321604, 0.5018997442753097, 13.943494649105517]
[0.0034226290848510255, -2.5982278109935466, 12.169977688845051]
Harish_Iyer_counts
[-0.086948156296182, -2.9036385862821033, -3.8603803911063483]
[-0.086948156296182, -2.9036385862821033, -3.8603803911063483]
Joy_Mangano_counts
[-0.0904070786283613, -1.8360465449903218, -18.894303834364592]
[-0.17873143632827732, -1.420927583689552, -21.257853167423747]
Sigmund_Freud_counts
[-0.22411592581396428, -9.073883719607203, -15.916180635852017]
[-0.27715203225323215, -10.88776270194471, -21.441084719393203]
Chet_Baker_counts
[-0.10779902644474955, 1.5588412170005688, -23.500455618463064]
[-0.11806374051279739, 1.9838574086124066, -23.97318170485221]
Mark_Zuckerberg_counts
[-0.08396165576037332, -4.282911808739405, -6.123761876166844]
[-0.10394879283555847, -4.246377263290874, -5.725610949864748]
Niki_Lauda_counts
[-0.08158012033391036, -0.43884809865818364, -25.385244651270035]
[0.007292593768291528, 1.641936775123968, -23.569485835694557]
Lance_Armstrong_counts
[-0.2831022143037216, -8.91668221253746, -29.255265927025537]
[-0.23462182889732452, -4.281008143868496, -20.097779523906127]
Ephraim_Hanks_counts
[-0.01645109151193047, -0.28808604411924943, 0]
[0.05765631605379487, -2.012929251137775, 0]
Christopher_Porco_counts
[0.09264948834076989, 4.823689974703074, -8.460911280950716]
[0.08063273352478004, 4.490621485905997, -8.511528091025154]
Lope_de_Vega_counts
[0.4161939250580209, -1.2877100388912333, -53.35881458220884]
[0.4888177875453818, -1.6627100388912335, -53.35881458220884]
Srinivasa_Ramanujan_counts
[-0.20084058126916343, -2.7812859480962153, -4.332423874290528]
[-0.3749753747353896, -3.5537987971602387, -3.44125589824338]
Solomon_counts
[-0.2999206596686062, -6.863812875814476, -53.929311781340516]
[-0.21916992835833746, -6.098192452869055, -51.29644871483408]
Aron_Ralston_counts
[-0.12828403147019796, -1.4835828888795328, -16.22570169046394]
[-0.3109957758263604, -3.4977858273673075, -28.964760124559646]
Nelson_Mandela_counts
[0.020355250308515593, -2.3600874981274202, 12.290753351680802]
[0.011678988362560982, -2.690711533508054, 9.128840254428294]
Dan_Rather_counts
[-0.12110920183907603, -2.6016141106174784, -6.600044996832814]
[-0.13270837793998086, -2.9260697240743845, -1.8500449968328123]
Charles_Manson_counts
[-0.13593269544313435, -6.803203915024273, -6.158621897554743]
[-0.20608386946395463, -7.4611347916550805, -10.027690693457984]
Franklin_D._Roosevelt_counts
[-0.0634151468253257, -8.105718200256703, -10.603727892090784]
[-0.12539979772316262, -7.756388838014297, -14.475787956534486]
Scott_Fischer_counts
[-0.12837295416741332, -3.9680935794546253, -13.402390276331314]
[-0.1221509076926432, -3.485271593603439, -13.957145610517207]
Aung_San_Suu_Kyi_counts
[-0.15774365249386726, -5.089354041985255, -9.881426951203721]
[-0.18237279915875104, -5.57534358431612, -11.501578699512367]
Douglas_MacArthur_counts
[-0.040951185559509745, -2.7820515822426835, -3.346218255374892]
[-0.11009621765415865, -4.613431880434104, -8.422779206129551]
Temple_Grandin_counts
[-0.026400564525955406, -0.863840383410821, -9.637269868789032]
[-0.04905333548095067, -0.887074663800953, -11.161499259089803]
Jimi_Hendrix_counts
[-0.41291595790286095, -9.931232530842014, -21.02642857785443]
[-0.4716102987415015, -11.17067696249183, -26.8231376331926]
Confucius_counts
[-0.1798041655156269, 0.5694434222350981, -20.131202305443253]
[-0.0315633844433128, -7.262669867525248, -24.69753652371117]
Errol_Flynn_counts
[-0.1478171421251732, -6.319873016901986, -13.471840955583708]
[-0.21424634036181167, -7.357487089836504, -15.158848829599457]
Hattie_Jacques_counts
[-0.08942551076173075, -2.287747950648086, 12.746225975492106]
[-1.1307578602605999, -1.65046000989157, 12.746225975492106]
Qiu_Jin_counts
[-0.013219131101554649, -0.6712887515278032, -10.137596518908275]
[-0.14631942897964342, -2.0025968801810894, -5.523672468275385]
Alexis_Neiers_counts
[-0.43180828201371446, 0.10855871461971756, -8.382005535954095]
[-0.34977856981182065, -0.8914412853802824, -8.382005535954095]
Thomas_Wolfe_counts
[-0.10072718404387851, -0.23708217751582494, -20.87723692350022]
[-0.08237448864163122, -1.7201330249734526, -21.81473692350022]
Loving_v._Virginia_counts
[-0.132921619566571, -4.8336877758960615, -10.323507663353496]
[-0.13805602067501022, -5.063316057411524, -11.191257008524737]
Margaret_Thatcher_counts
[-0.14510053723197336, 3.416377234898257, -15.891509747259922]
[-0.20676701260054545, -6.590132720588603, -21.53908947173192]
.gitig
[-0.14510053723197336, 3.416377234898257, -15.891509747259922]
[-0.20676701260054545, -6.590132720588603, -21.53908947173192]
Antonio_Luna_counts
[-0.010573787550532482, -0.44247652978892216, -7.850468512047177]
[0.27679660387464405, 1.9772216810252834, -3.9753468574688817]
Levi_Savage_Jr._counts
[0.20958930835573444, -1.2499446126366058, -12.346820205956025]
[0.14498599536532467, -1.2499446126366058, -12.346820205956025]
Kray_twins_counts
[-0.1290629445749867, 0.05220941331621898, -21.280490192790698]
[-0.15209795164949763, -6.611897872000849, -30.2960085879566]
Mostafa_Chamran_counts
[0.018670225437534965, -4.411328530990131, -7.2279779736939735]
[-0.09229842591066661, -3.956783076444676, -11.727977973693974]
Pablo_Escobar_counts
[-0.44867170296277126, -14.657644081891362, -46.93677447785291]
[-0.40886421038627496, -16.251661268201115, -78.60834841160475]
Bobby_Fischer_counts
[-0.10479232341305578, -4.052744532765589, -2.993210017408651]
[-0.1301571144172064, -4.941219773553233, -4.2856789924143115]
Louis_Zamperini_counts
[-0.22293913033109142, -4.233807815426662, -21.144954608680575]
[-0.2156051777876112, -4.04590063788703, -20.21409351502878]
Kidnapping_of_Carlina_White_counts
[-0.2017233411137193, -3.425834152175166, -12.6345629593844]
[-0.1813016001295209, -3.0909566714137235, -0.6345629593843859]
Aristides_de_Sousa_Mendes_counts
[-0.010589006861546586, -4.959109113322591, -9.658111123646433]
[0.024851547468443085, -3.7659489716203476, -9.658111123646433]
Yoshihiro_Tatsumi_counts
[-0.19343374686094822, -2.6136245869969494, -22.87145903137376]
[-0.14216753314878022, -3.7386245869969494, -22.87145903137376]
F._Scott_Fitzgerald_counts
[-0.26200798420594024, -7.126752500166598, -35.72278515704318]
[-0.3181588575999067, -8.32468877491964, -39.09795062776436]
Margaret_Keane_counts
[-0.08054830560334392, -3.7207622151800477, -5.174687432242081]
[-0.09723206134820603, -4.181336751369816, -5.442056245618428]
Eazy-E_counts
[-0.32414001301311857, 2.567755987385869, -14.649782635300285]
[-0.3571697378746486, 0.022039165948749995, -13.675434388662696]
Heleno_de_Freitas_counts
[-0.07741127149387801, -1.7558931963925666, -1.7065813528336373]
[-0.07736331172095132, -2.0058931963925666, -2.7065813528336373]
John_Allen_Muhammad_counts
[-0.27683523816794176, -5.2467823792726165, -17.330239656821824]
[-0.40220223783854936, -4.8202511870031834, -18.782887740445517]
Bill_Clinton_counts
[-0.5287972090500829, -8.046248320089326, -6.7967513927879715]
[-0.49704771009940124, -7.490131327666944, -11.22893762796716]
Christian_Gerhartsreiter_counts
[-0.004801474162838715, -1.7311302254123735, -4.394552823802945]
[-0.005317834759236695, -1.8680368535053726, -5.059299200255749]
Dolly_Parton_counts
[-0.3786844423520819, -6.9082072019809555, -25.043874809352875]
[-0.38263270272709776, -5.799885008737398, -26.262037855611894]
David_Foster_Wallace_counts
[-0.20090503431480078, -4.275478675782421, -6.017848291726935]
[-0.03977977954914172, -3.8748847925011853, -14.590161838486807]
Bessie_Smith_counts
[-0.0867731822198714, -1.3738604996260122, -18.02448986084886]
[-0.1255575601406801, -4.06271306582412, -34.298802757254784]
P._L._Travers_counts
[-0.023345884153139235, -0.7632601275087589, -12.195053337690567]
[-0.03767456502437644, -0.8271656887554943, -11.875923735184305]
Philip_Markoff_counts
[-0.14617309549709367, -9.530664561448257, -59.06609123154002]
[-0.21975286236081015, -9.879690978279298, -56.693326079367225]
Nursultan_Nazarbayev_counts
[-0.1182262475322512, -2.6993512620397384, -9.88357556832071]
[-0.15251438515219143, -3.0726622035186235, -12.834569244924143]
Owen_Chase_counts
[-0.033432171546349004, -0.49381047273177714, -11.510778206317426]
[0.3801403156521922, 0.7411584897275783, -11.820778206317424]
Mel_Weinberg_counts
[-0.08903043822664372, -2.0342734737593715, -8.32258064516129]
[-0.08903043822664372, -2.0342734737593715, -8.32258064516129]
Latif_Yahia_counts
[-0.004083208836305447, 2.1293862228004183, -32.31646012394557]
[-0.010484327207063215, 1.485821866364768, -27.105031552516994]
Ed_and_Lorraine_Warren_counts
[-0.15056633110813808, -4.916507004546508, -23.04896444921946]
[-0.16182699271648604, -4.6622620589242985, -41.78955584706894]
Hugh_Glass_counts
[-0.1469359915908935, -2.2712089451100352, -27.0157061198804]
[0.16218189595395083, -2.7528915666122438, -27.0157061198804]
Joan_Jett_counts
[-0.2688948690449161, -3.408965456824147, -18.251434399982482]
[-0.3094459810856319, -4.77135861921731, -18.85143439998248]
Julian_Assange_counts
[-0.2341151905509147, -10.523782809869127, -8.069475143570013]
[-0.2987244084416357, -15.088791513558999, -14.314767103274907]
Aline_Bernstein_counts
[0.027731514333773154, -0.008985153140142144, -1.3596716084752236]
[-0.04366786053682944, -1.7023549900643178, -7.688251893658111]
Whitney_Houston_counts
[-0.40442164144538206, -10.845156593709385, -23.16147339020345]
[-0.4015835558330636, -11.275635722151035, -28.177120216784168]
Sarah_Palin_counts
[-0.5795992166227493, -22.806185467488344, -58.437976487645116]
[-0.5884754845660065, -23.048956748989678, -60.021135866921]
Micky_Ward_counts
[-0.11086780492145795, -1.7901658421854294, -27.944094211532132]
[-0.13857957856045522, -2.2839853383383897, -38.716505055271035]
Ip_Man_counts
[-0.4646333881600247, -6.579495201482581, -17.56240254669282]
[-0.4077747449787703, -7.275168505343165, -23.06240254669281]
J._B._Bernstein_counts
[-0.2201319236909452, -3.8343761698735697, -8.216704288939058]
[-0.23149796887374174, -3.5579343737467344, -7.216704288939058]
Max_Schmeling_counts
[-0.07615362526474215, -1.281060233002942, -42.977034479699526]
[-0.0786316855844798, -1.2206863757590243, -42.22703447969954]
Cesar_Chavez_counts
[-0.03343414909483303, -5.154879975558375, -30.434145709332288]
[-0.07779532444982601, -6.033919557693806, -32.663012833439]
Linda_Lovelace_counts
[-0.21922675201299935, -5.205599718201912, -24.886276001050067]
[-0.24176565323638194, -5.429299450874922, -25.296214395130356]
Eddie_Mannix_counts
[-0.014200531940243163, -0.921032220355946, -0.9006037537265872]
[-0.015355667702926262, -0.879372947504018, -1.2631037537265843]
Disappearance_of_Natalee_Holloway_counts
[-0.08860627237419519, -12.825525261598004, -13.319680622285377]
[-0.08585881642257999, -12.613463336822065, -12.966334833442996]
Yaroslav_the_Wise_counts
[-0.18333046794149094, -1.7770801741412638, -22.819680548124836]
[-0.21012848302393364, -2.4641383171791205, -38.819680548124836]
Silk_Smitha_counts
[-0.05363638258193318, 0.144906756818171, -9.312496589977044]
[-0.13125830679691153, 2.3113514873231584, -23.813089216570297]
Fritz_Bauer_counts
[-0.20770591193905016, -1.1903669547720102, -20.85951799877973]
[-0.18789277012040181, -1.1903669547720106, -19.60951799877973]
Ernest_Hemingway_counts
[-0.4764329974389196, 1.06605957568256, -43.32141114984072]
[-0.4950928241831017, 0.5366359358471305, -46.682558568868366]
Sam_Houser_counts
[-0.27710277508555703, -5.911408092667843, -7.506486887999286]
[0.7547602927222112, -6.779055151491373, -13.006486887999287]
P._Kunhiraman_Nair_counts
[0.2434506394562529, -2.0051002509256888, -18.433422301304933]
[0.2434506394562529, -2.0051002509256888, -18.433422301304933]
Sai_Baba_of_Shirdi_counts
[-0.26052343686543017, -6.2849783282893865, -28.055800045673088]
[-0.2497532127494358, -5.079937667153698, -27.453190683284397]
Saved_by_the_Bell_counts
[-0.3149967227050743, -6.599637480070209, -51.50369570752458]
[-0.2871049580938664, -5.753347608157677, -53.550588093854614]
Bruna_Surfistinha_counts
[0.12859269126718217, -0.8855799739364092, 0]
[0.42839697950043165, -2.590427962127137, 0]
Brittany_Murphy_counts
[-0.38333491274360215, -5.9283143245560215, -46.43335860313265]
[-0.40306879483469116, -6.195069467223573, -46.43335860313265]
Mark_Ashton_counts
[-0.12928791013273874, -1.8439223881309, -19.434329273635385]
[-0.12928791013273874, -1.8439223881309, -19.434329273635385]
Florbela_Espanca_counts
[-0.01867947807188186, 0.9892677583716125, 0]
[-0.3392603538008097, 2.8526996870588084, 0]
Dalton_Trumbo_counts
[-0.139835460991065, -4.230552724522044, -13.536616366236057]
[-0.143179119333451, -4.369812015415767, -16.132262082064997]
Richard_Phillips_(merchant_mariner)_counts
[-0.0037331832013780125, -0.8308088158587807, -0.4476167558484958]
[-0.004348740595121282, -1.6384218641845179, -0.7894365317739425]
Nellie_Bly_counts
[-0.2349770230189129, -7.1028733213725435, -17.34526679788158]
[-0.1651532562583659, -5.92509289495753, -13.204056423241806]
Jiro_Horikoshi_counts
[-0.010462502263419722, -0.5010737780425902, -3.363684725929449]
[-0.030894743678438953, -0.8596649450808762, -8.06488683960724]
Greg_Marinovich_counts
[-0.056868031826800454, -3.632376975255669, -3.540711229421067]
[-0.056868031826800454, -3.632376975255669, -3.540711229421067]
J._C._Daniel_counts
[0.13101554545422095, -0.9056361113662018, 13.35040818345407]
[0.12269941784065891, -0.39864520535609815, 11.924726332574199]
Chris_Kyle_counts
[0.02344578941862463, -3.7792509713827362, -11.180843928004581]
[0.026333319883510287, -4.22666495346651, -15.00786424340294]
Dylan_Thomas_counts
[-0.06312493493680228, -4.995914832789203, 5.035974038852]
[-0.051274632135048875, -5.098502012590431, -12.313305122353807]
Egon_Schiele_counts
[-0.005225338492311493, -0.3121486120162915, -0.9180751562851199]
[-0.01715528283256884, -3.080001315711764, -17.056309565805297]
Gustav_Mahler_counts
[-0.14456417182152415, 1.0450272882515703, -7.559575090029467]
[-0.14335961393583474, 0.810407514568298, -9.851329959653187]
Guan_Yu_counts
[-0.05392392036546688, -3.2480937253957722, 13.630024298605852]
[-0.1045433248717069, 0.9263090863655195, -10.849975701394124]
Miles_Davis_counts
[-0.126448479853574, -3.401448046677739, -29.53530714937209]
[-0.15835791357216011, -3.52092397891506, -29.53530714937209]
Jesse_Owens_counts
[-0.3734032806600144, -10.868014801159042, -31.39253862338157]
[-0.2996880388686228, -9.099437269041788, -19.571161674464598]
Michael_Rezendes_counts
[-0.006853664771885162, -0.8488212539533647, -4.234340036170792]
[-0.06667211489812488, -1.059276162173636, -5.379076878276055]
Grace_Kelly_counts
[-0.03249531333720726, 4.372002197950583, -47.853008953844665]
[-0.2674127571538536, -7.256888920840086, -50.64184950944639]
Melrose_Place_counts
[-0.0644836576094512, 1.3022615063267065, -44.00789655575302]
[-0.048026881877037485, -1.0777384936732934, -46.00399861103296]
Jordan_Belfort_counts
[0.04064720036196348, -1.349668465982452, -4.605062648068504]
[0.03145202746064757, -1.874256824389417, -1.8250914932545292]
Pierre-Auguste_Renoir_counts
[-0.3146959611760117, -2.4765397142098724, -22.334738950311014]
[-0.3748684655556022, -2.3868122022785414, -19.74241534875265]
Anne_Lister_counts
[-0.03282901098504275, -0.08959023870395244, -2.668760055579938]
[-0.04091599102264341, -0.5318820077934028, -3.7828054875560992]
J._Edgar_Hoover_counts
[-0.10550160229741434, -1.7180392667934923, -13.945485093963477]
[-0.22183378611416266, -4.38039388648166, -5.469079764655255]
