Rocco_Granata_metrics
[0.4877157675251692, -6.672139232609504, -2.6229888349190054, -4.306957355432427, -2.288321244869125, -20.898876784905937, -0.34308736967735165, -0.418137437867105, -5.255753537704365]
[0.9557018714483644, -12.749445099985964, -4.964149887114199, -9.166685447260662, -4.256976477115358, -40.71942992522598, -0.6591923934524188, -0.9871349973756782, -9.101022608778825]
Solomon_metrics
[25.784028248540455, -242.28576012183203, -67.63365604811673, -177.55937205385266, -47.03201405485742, -427.0039787334554, -2.525285147542256, -22.02090973521117, -63.75570196307548]
[10.565744658025334, -141.45333710570276, -28.455442294740553, -171.42643707478254, -20.748030018169437, -189.02460225987977, -2.0402760884049718, -23.95602620437889, -26.07518517125245]
Edward_de_Vere,_17th_Earl_of_Oxford_metrics
[13.341076189038956, -164.92431393459708, -31.99508552176821, -112.40524535359762, -26.769613924106665, -256.42395669728967, -1.5722488671856092, 16.223895940906896, -30.235254242783547]
[12.57203763843059, -129.7314200848948, -29.93332382325623, -132.82242446197344, -25.279809356724556, -239.47199603581697, -1.3659668920265484, -10.144488362961283, -28.278196278836354]
Lili_Elbe_metrics
[6.148819176579847, -50.42301187207294, -22.617054819547143, -37.64021260176383, -15.319147968671194, -150.92886017992993, -0.8538453146913871, 5.521947980056835, -27.468057648910342]
[6.411349198422893, -52.35303822157674, -23.37545269414497, -26.477736223437077, -16.037390947170813, -155.96229611198447, -0.8930184147032244, 4.261022530185379, -27.996851579367668]
Jacqueline_Kennedy_Onassis_metrics
[21.695562950193953, -291.946317498549, -138.8256878576893, -3.3918225385412133, -8.917645435590215, -394.9838384923594, -1.4356667370312297, -20.061682928388873, -219.83509497819168]
[21.705896415656493, -288.5879918152201, -138.83840153488944, -3.529226364976303, -8.95944706803228, -392.5360876958332, -1.4863663804752236, -20.133864562861376, -205.97080548133684]
Loving_v._Virginia_metrics
[9.525146532865142, 23.25333730590296, -2.6155819937056526, -52.240638784102494, -25.695528197041522, 148.85386058101608, -0.7518914924329352, 16.222518281774718, 41.31514372694385]
[9.585359316307851, 23.31576170967618, -2.831739067746171, -52.29425444849094, -25.7809170566018, 149.19021379202772, -0.76900389080622, 18.589461416235885, 41.26384970336266]
Douglas_MacArthur_metrics
[65.38348700970268, -76.34766361869241, -53.61570077153934, 93.14446419043153, -0.4873480274548877, -416.0940157011558, -0.4531418975112447, -9.451417420335545, -104.6358228825398]
[-23.713387366724735, -14.695489705649823, 1.384299228463522, 70.71095139051943, 30.72883929212249, 273.2778109876739, -1.0554501534453065, 51.55029868846688, 78.31910378698089]
Mostafa_Chamran_metrics
[0.981369381142875, -8.985288921365587, -3.949624103708051, -31.034087314831133, -3.2716307653726746, -30.796272600885324, 0.32130997401041006, -3.3969840777579234, -4.523633418369673]
[1.2236575845717743, -10.79684257508514, -4.604828051842438, -24.05532332164853, -3.758157627412425, -35.83387560657694, -1.54766177020034, -3.3969840777579234, -5.109548854265852]
David_Foster_Wallace_metrics
[23.095593682344223, -83.03133390017031, -64.92338579349145, -156.52837798347994, -51.73501140941901, -64.02273430669919, -1.1084549460340827, -20.906835022454597, -48.32133803061682]
[14.222348291716289, -34.39936264607344, -39.99349191998316, -106.82591462460749, -33.22512667137807, 107.18112201924964, -0.6406301822550993, -4.3318350224545945, -24.878088896961433]
Dolly_Parton_metrics
[2.051077890424194, -130.8102259305703, -32.82817823653207, 98.4419680664012, -47.63853212992784, -281.9733301629856, -1.5700641941907503, -21.35588487905117, -51.109389617972596]
[15.017504259927279, -93.41897545679596, -41.2142015091299, 78.22909578571371, -25.232355356762618, -71.05873772599486, -2.0182831634667324, -21.098813433990447, -13.329384615133298]
Steven_Jay_Russell_metrics
[2.465795133520143, -54.73378442857914, -25.045711916521416, -1.8506902312518108, -7.876795990230444, -157.5928253039705, 0.5796696499720225, -5.3623584700627385, -45.40772471633907]
[4.881273023756887, -62.86486685161786, -28.53274127810992, -6.819057038644381, -16.90691501671497, -135.58209119757618, 0.18262438521276486, -4.89480276556108, -39.710538112781144]
Danny_Greene_metrics
[6.029991688368563, -14.351922092124994, -25.12519959264678, -20.427967211192477, -5.330707950906217, 10.926382767096854, -0.44001161608109834, -6.025737084257879, -2.665505678922308]
[8.241483737112327, -22.685255425458358, -29.92519959264678, -31.738113480154727, -8.981955352153618, -30.740283899569782, -0.4978945933189143, -6.022804532938231, -9.317566635143958]
J._Edgar_Hoover_metrics
[0.638120567739449, -70.09285081316585, -28.353867557498873, -64.7895539608144, -35.13253405015928, 1408.4066482414448, -0.600678430121317, 78.69353479239618, 42.35498068460528]
[29.92156568363907, -272.1691956740479, -124.20079339721926, -137.72499360638784, -59.47817345802389, 991.5017528805199, -1.1760977086954676, 69.19522163329319, -12.438961623452428]
Ephraim_Hanks_metrics
[0.21742123522924947, -1.0190961096543116, -0.23361471132667544, 6.924748026416815, -0.37810609950016677, -2.327648397260579, -0.018665275429032846, -3.9655102478940893, -0.11406521400725862]
[0.6758315728314298, -7.383552712090221, -1.0173524005363228, -42.11831565727344, -1.095152809169088, -5.867306834452613, -0.06366172394801872, -15.38335832284716, -0.7795189753166245]
George_VI_metrics
[-30.403951019734688, 77.39622690808464, 78.70258520285851, 45.410496650196905, 59.94576681329967, 641.7743977980226, 0.6073003422190948, -51.98822821089469, 78.97940910989477]
[-17.977812486457513, 16.269255736679682, 46.570650670447144, -11.97919232618068, 34.79148340718444, 363.9454816808359, -0.6844630259369675, -33.95521379740751, 46.360589712770874]
F._Scott_Fitzgerald_metrics
[20.982233030826812, -38.11425822838355, -21.58551548432752, -73.92704919047289, 19.01809021307399, 318.6228680378945, -2.1609028196493494, -9.529926852647, 45.09291240934172]
[23.208976824238935, -55.04147226520302, -32.683717796746514, -117.89259384302143, 6.047444569585208, 134.8326773576603, -2.4876053637571482, -8.785873063001294, 30.790139286156123]
Bruna_Surfistinha_metrics
[0.0970190985177134, -2.5199364597854728, -0.019993170181164643, -4.951110038034496, -0.3669233384064883, -3.0730470627851734, 0.4880646020989394, 1.8826993803922463, -1.763358081847771]
[0.774810055701348, -6.924921669046661, -3.1708340580960144, -6.108950359134505, -2.8046120229826323, -25.833981426160335, 0.21234671986752862, -0.9034144155152397, -3.8115918326411737]
Egon_Schiele_metrics
[1.0945812303521567, -8.986239421695998, -4.199558277830739, -2.9538078162348427, -2.53022452821531, -50.50907743129795, -0.010311933251423544, -0.39290721857858557, -5.731809405247482]
[15.844032870709285, -64.85807197367596, -42.55327927101427, -32.19817462716971, -2.0788608962023254, -44.42713132527635, 0.9544103921735603, -6.4172770625577575, -11.649929087032135]
J._C._Daniel_metrics
[-49.82005995785892, 43.514850182928555, 120.86998889462869, 46.780600429109576, 36.71231484344668, 328.00532817663145, 0.5882182330716929, 5.386596888746353, 41.39500299045047]
[-43.0109809458395, 35.23423648720967, 103.88676113591579, 40.248355275770024, 31.222739071333343, 273.9655547386425, 0.5168193541285411, 2.205736109854831, 31.63595184991825]
Latif_Yahia_metrics
[1.71936200706144, -9.53879777462171, 0.4306869108164353, -16.540619946324647, -0.3752804862565624, -14.028331365749686, -0.3827760520138844, -8.776532075180723, 6.769812833355118]
[1.544519227918319, -10.092441437634301, 0.5318740481375719, -14.580071548850611, -0.3572489953802185, -11.25090208859595, -0.46447146897582997, -35.31566250996333, 6.337596090048946]
Nina_Simone_metrics
[22.642867983446916, -183.51528493639108, -67.01910907783252, -131.16134784858303, -47.30621860661846, -436.02523249883245, -1.5555163401469736, -11.238332916984929, -64.00441976621667]
[20.67190237861305, -164.4153311624739, -61.97770893744446, -102.22998051266747, -42.77377346637648, -375.9900009287385, -1.4389481479215118, -10.791076338001774, -58.470007597097826]
Billy_Beane_metrics
[1.886991249151237, 16.47981792488801, 1.9823590990502424, 1.1489694326938036, -0.7266014770832392, 16.92974213894835, 0.6903684363178674, -37.01387363152738, 9.881137419499218]
[4.2340072530800015, -20.803151487888115, -10.323183354004414, -1.3392065263609965, -11.343088106968057, -66.426193536299, 0.399133664346777, -29.5913033399043, -6.402050513976638]
Tiziano_Terzani_metrics
[-1.1159410342638587, -21.925544556958275, -3.365119899083176, -19.282065471532476, -7.727747685935901, -9.206683954318393, -0.19464946020764295, -43.644163299117245, -8.521126719949145]
[1.5406212028163426, -28.673548106204052, -9.24159583005506, 11.333492434015383, -8.923104932082083, 32.96682947278747, 0.016379315128255745, -1.6441632991175374, -13.592016347833301]
Dan_Rather_metrics
[-0.5519152545692414, -125.62155896340785, -1.9511935935557005, -83.16150128875242, -10.688373730001409, -496.25633752411034, -0.6764444353465212, -19.810746847870075, 21.195457909595234]
[5.19952766571787, -115.21496555681459, -15.262597102327831, -168.1046831069336, -20.039159070315698, -371.2563375241077, -0.641334298205556, -19.885176510184586, 5.482532061302919]
Max_Schmeling_metrics
[3.3638041197914603, -47.61146470816022, -2.4139180805153653, -43.39361320548409, -14.057264609416185, 78.4537914029025, -0.5299943556574528, 39.51997440438328, 6.088789127389108]
[3.231691629096292, -46.89245777701747, -2.070535046133239, -42.40093677668094, -13.856793565031719, 81.1865598154121, -0.5441982152447811, 34.51997440438339, 6.428014662095941]
Christian_Gerhartsreiter_metrics
[11.227758786798628, -56.393359124755534, -57.764070091343235, 4.20146672034538, -19.701438887946356, -241.1888478990309, 0.6727825555995017, -6.509527384885363, -81.4252080595541]
[11.40941500066613, -62.59413357451237, -59.595010597283945, 0.5736071226056936, -21.146281841753666, -282.303868469083, 0.6099263101441756, -6.445317841130431, -86.7185209533257]
Ariel_Castro_kidnappings_metrics
[1.805250265791983, -12.633109610661982, -3.1079399624055046, -22.606800516575902, -4.739861308127102, 3.6674502282419326, -0.7903912532702675, -43.842100323392266, -1.467295627550346]
[2.4831091490740356, -24.384398889803958, -7.685634935012235, -11.30230209403696, -8.1823323721168, -33.17236730056737, -0.8590524607861116, -39.227683847419726, -6.822191437415393]
Florbela_Espanca_metrics
[0.6186060789469049, 0.2542014216103379, -1.2718840768537207, -3.1780984809235093, 0.9197982953408097, -11.508064057330568, 0.09877214339711998, -0.3635473729727902, 2.4201089172140895]
[1.2763611716787842, -18.918620567845586, -4.671087251974429, -21.115169728422877, -9.201947886400784, 10.583513742694258, 0.14401288577121257, -0.7775120939546752, -19.455657860396006]
Jiro_Horikoshi_metrics
[-0.4659651368296369, 1.445824703520748, 1.1349392509075666, 1.8095042120577882, 0.8073185348204959, 6.507680391610588, -0.05947240043168908, 0.07777184595893227, 0.8306445993161913]
[-0.518325491628986, 0.41330585292449795, 1.7516748785743714, -2.38815080091396, 1.3195530089655998, 13.01532042059562, -0.20656548359406043, -0.6707843380720833, 1.5096050586974563]
Errol_Flynn_metrics
[18.98433661008439, -148.87783342294247, -56.94800813896147, -95.6529473293258, -41.48655565607832, -407.334755477423, -0.9163283315757007, -30.035740522166858, -50.11093017501879]
[23.341358959142887, -181.9224762800854, -66.08912397392879, -196.07480039732923, -49.92658852371441, -538.9243319291135, -1.4185285733887085, -21.699202060628398, -63.36178471778643]
Alfred_Hitchcock_metrics
[-41.91066091524939, 107.01538948801405, 138.33294630187208, -263.954251755968, 27.40289333997422, 2004.9798868731764, -0.5574560973142875, -30.682720486194906, 170.94510170828312]
[-44.444937303352454, -250.90762317741405, 142.32713290688045, -326.48819555853026, 110.18583406036834, 1034.461844378372, -0.596019837710561, -41.32927980612543, 135.3572417929124]
Miles_Davis_metrics
[-10.621130841249474, 87.1887212247724, 28.700048798593606, -19.901014408312474, 16.331625045446245, 194.37402746149914, -0.7668932979460891, -24.198455772777635, 27.779478082347076]
[-10.742196132426875, 88.89485503364882, 29.015035978218908, -21.008642777384562, 16.579359545778836, 196.80541673122508, -1.071122307874048, -23.360629002003435, 28.08629861577671]
Levi_Savage_Jr._metrics
[-13.72206864388149, -0.31790735025105177, 25.675947910156687, -54.16068188551341, 0.5294030908332408, -77.96010362133653, -0.8643478010439519, -8.090646664258257, 41.7299742707212]
[-12.987802909615887, 6.348759316415638, 20.675947910156665, -54.16068188551341, 0.5294030908332408, -194.62677028800567, -0.8643478010439519, -8.090646664258257, 43.08278812353465]
MS_Dhoni_metrics
[-7.763205997287688, -2.4486043673536386, 28.315792934337242, -18.93428663309537, 12.28628899748389, 391.62137235212623, -0.6160389594915732, -3.4109973877526745, 39.21964298002244]
[-5.000784663259614, -27.885148865448883, 21.551647931620764, -34.750885857319936, 7.3775070954316355, 320.66131079023785, -0.8269940034071733, -2.9900373081725116, 31.88122267139807]
Chico_Xavier_metrics
[-0.6106922872100183, 10.036359303622032, 4.444294666363032, -3.9796013563772323, 2.360307405793561, 51.34457399458981, -0.4759832708311573, -4.1934056383924245, 7.367771797263102]
[-0.40448099389841696, 7.370903914416968, 3.124790304551329, -4.636278473410721, 1.8788222751098247, 47.533555937458345, -0.43923168983434735, -4.257048871803417, 5.502956555964916]
Charles_Manson_metrics
[-30.122226976595147, 47.960268237678235, 68.50643499966093, -168.404588345923, 54.71872473462059, 820.525986725311, -1.4866845585235722, -36.67606826540628, 97.75328832332923]
[-9.793279608174139, -87.03973176232464, 25.749836759192338, -293.03495257239297, 21.856733784394734, 392.9600043206103, -1.9149273178069632, -37.074846577747486, 44.55496848675845]
Bessie_Smith_metrics
[-19.674412805519424, 76.05702356036439, 59.035015646819005, 15.94592453816288, 28.211826891497758, 349.73796048039503, -1.5685921607867097, -21.905376667077647, 61.45597324904459]
[-30.58171304553102, 91.83445009121566, 92.93382759592244, -30.97504457893905, 32.82505608298515, 293.9110877063527, -1.9299388136135134, -18.986123793514437, 75.38273650265585]
Baji_Rao_I_metrics
[-2.639014264263627, 73.83008663165543, 28.517913552671445, -90.15402617207518, 16.944337041752156, 217.0570786907349, -0.8990975054135993, -14.156857661032355, 34.28548706383116]
[-5.815582958764472, 75.9396201002152, 33.72103957238034, -94.9194027609048, 16.517045237527906, 209.4239979163576, -0.5933856042201633, -7.156857661032355, 35.0731885198147]
Liberace_metrics
[-30.64599046392823, 83.17495091677796, 84.89505774215418, -95.70226491776577, 48.78207821725218, 557.5161442287692, -0.27061542341105926, 11.796169824267498, 83.03821733717]
[-28.936405574648077, 76.94112513526967, 80.40352092405597, -89.14414074850043, 48.213766520071744, 550.9169689345747, -0.40628453226133154, -50.52829275385152, 79.13248841229138]
Conviction_(2010_film)_metrics
[-1.6144995290789486, -2.8579825051197254, 4.776188581070277, 23.920069816483103, 3.7608152154819665, 39.350965831995225, -0.8716020725165643, 1.642065538992339, 4.921435623560802]
[0.016561296993679697, -0.018098450565332325, -0.05517525296571435, 0.0874017347302356, -0.01400498034939357, 0.06868665226912896, -0.000924259829621743, -0.12861682408309982, -0.04564228952130467]
Owen_Chase_metrics
[3.363906299501138, -15.877218125450904, -8.826642570548207, 15.852872635470986, -5.554659093003987, -47.63595328272147, -0.003963230876427415, -5.258350772497291, -7.894026981167143]
[5.399877907401705, -38.01899791428963, -13.715060642375423, 13.038866401075142, 9.316001315370581, -185.7142909257908, 0.8142735990205796, -3.976783952220795, -14.305188385230574]
Stanley_Milgram_metrics
[5.813812653979695, -9.875148465133217, -17.483130896611108, -54.1615058746941, -11.23045058312893, -81.06810655130934, -0.4235892819534274, -0.3647733677801339, -14.992776987419976]
[6.121694874334416, -12.502394447125198, -18.482112222042403, -63.670788626093255, -11.884982243614115, -87.64179116212756, -0.4704757568786504, -2.092046095052861, -15.952792005619834]
P._Kunhiraman_Nair_metrics
[-3.942741813828939, 15.664815623273494, 3.994599972382998, 5.048911802076833, -1.186877979149262, 60.75775558819493, 0.15998434710642007, -5.721541770987536, 13.779630481515499]
[-1.890957923813498, -4.335184376726581, -3.5054000276170756, 6.489805895334615, -0.5802243587970208, 76.4440300979965, 0.19569863282070576, -5.721541770987536, 5.857749924073918]
Jack_Abramoff_metrics
[13.348170915668781, -97.10010330597832, -28.605158926751795, -174.8014001952889, -18.954266291530654, 162.49587310121552, -0.856378082594674, -67.49489415651949, 18.61932439814091]
[11.699555384986208, -86.17186275465033, -24.17446467178212, -81.69977700759421, -14.69785312879873, 220.29710640373577, -1.8287774375311658, -55.98903061707381, 23.737864200323553]
Saved_by_the_Bell_metrics
[80.66072362455336, -422.3277360739982, -258.5640238501611, -260.3485329944437, -140.9272872350388, -608.6685232780493, -2.448127730238006, -23.571670018300793, -199.0983788846541]
[72.11156073934647, -430.871820424347, -237.49149468555865, -288.5172780773595, -152.6644506248839, -732.7141736961134, -2.587057022711694, -23.042947848590888, -197.85050145467824]
Bill_Clinton_metrics
[22.722390134422735, -259.9624475830343, -54.731831001326505, 6.25525514626634, 0.2305230388176277, -120.80569078839596, -2.8282334884995777, -120.69085030099237, -40.67511887922549]
[22.038653091859317, -258.4423173500071, -51.92921150775408, 4.603413696552496, 0.6540450845229887, -123.82703003809387, -2.813217188594513, -126.23703025072113, -37.47937726838473]
Louis_Zamperini_metrics
[0.6192499517036258, -23.67749884726973, 1.6491860797214986, -37.69138244157983, -0.5844079908161723, 35.078936720018675, -0.7562548162660923, -7.745396454800064, 4.110913319305469]
[0.7760483937485084, -24.549787217431284, 1.110035230600662, -39.091151054226266, -0.9726126271167908, 31.319690141611744, -0.8114765930794499, -7.649295127103302, 3.533068470699248]
Temple_Grandin_metrics
[1.9794278641392826, -1.5422729091680552, -5.1471793082353035, -41.51479256553767, -5.707481256770022, -23.7576011102854, -0.06705457935772052, -6.629817784313422, -4.675458913199051]
[1.4802373391381303, 0.909810821944431, -3.8769320695134013, -47.66677836859827, -4.473549871382055, -14.746077068795792, -0.22661162006843483, -6.80964187815249, -3.45379581758087]
Nellie_Bly_metrics
[-5.281888721765382, 16.954474598578415, 18.306837585027893, -2.8875321160393947, 8.130147994760868, -10.652072660109198, -1.3772431645575056, -1.2400220462082139, 18.82742826396435]
[-5.6690239663951125, 45.01527685051368, 18.608230917312305, -23.876240944096303, 11.920599475441518, 149.86482310163163, -0.829492605806416, -16.240022046208214, 22.338182785834533]
James_Hunt_metrics
[5.284355562791789, -10.785033116425646, -8.350383671693155, -78.87507678523494, -10.587680362170545, 63.227233831065874, 0.25191501272270544, -9.165550005953593, 2.381724027668904]
[4.138753479187951, -6.411716948139967, -5.38561384019209, -73.78745426094936, -8.786357815741734, 82.54635157358396, -0.03718533728414586, -10.594101394884312, 5.1156808877729105]
Kray_twins_metrics
[17.364394421898382, -91.05255199832746, -9.296180002007898, -109.08179500245846, -30.873026101601294, 521.1234999958269, -0.6529724293359438, -10.40966635229347, 60.89536652144601]
[9.408598984440353, -77.87325455158401, 2.3261800037203813, -253.81926600905672, -31.933125278538636, 470.1642282969353, -1.0530124698006205, -6.291725368117714, 57.499255824833654]
Bruce_Lee_metrics
[-2.783638794281767, -325.52418842854377, 24.0914179181572, -357.59428219488865, 15.508610392001943, 382.4899899552958, -3.7676859295708707, -63.54258754341431, 61.13232346815388]
[-18.504213987800057, -347.9534085140138, 50.40076250846152, -363.0376151762524, 11.803692521791316, 297.065985165489, -3.810962226503058, -63.54258754341431, 47.1549846166499]
Beck_Weathers_metrics
[-1.4790586331321063, 0.6528395193703052, 5.1369044510273225, -11.891824948186066, 1.8047098535879227, 16.07452171058374, -0.7724095793543044, -2.359094983103428, 4.603727239302924]
[-2.4840778777352077, 2.557883784242425, 6.732586820703489, -6.683943540560433, 6.566063244182523, 51.65331103200271, -0.42545027783679823, -4.973773882185997, 9.466778648846326]
Mark_Schultz_(wrestler)_metrics
[0.7216051297096762, 2.21115956126679, -2.059621558649182, 2.1946343656305167, -0.5784870926183752, 2.496628292435176, -0.6004810433293852, -1.5959135064564292, -0.8287247789746548]
[-1.5384264745528506, 0.26878875025478166, 1.096837637465832, 1.5585509038142362, -0.2221802193279947, -1.649483797336245, -0.6824476666851156, -15.412536277609124, -1.9105974711468185]
Richard_Phillips_(merchant_mariner)_metrics
[-0.002769384100440253, -1.4006178709792185, 0.9214985685586494, -10.247191465819473, -0.2977616284094684, 10.988306069333923, -0.11597849753645428, 0.7298106424724635, 2.2623707735751597]
[0.9244650724894969, -6.883632647755709, -1.5229992070686476, -18.1382630976815, -1.9268289529871598, -1.3464217836126764, -0.10540158867927751, 0.842352678860301, 0.014061912273341193]
Lance_Armstrong_metrics
[29.445784000315662, -84.5548276788233, -104.72218614240279, -100.20814503394107, -85.64941464413403, 971.6840994601944, -1.7649829750732309, 8.560771431882024, -27.35587080649816]
[37.61848253500588, -140.74360761434295, -126.15180782457614, -135.2039784240268, -92.35832033449651, 803.0923766216297, -2.2186344472403805, -37.78616704590329, -22.7344056241096]
Vincent_van_Gogh_metrics
[2.6599668927287805, -321.89254083299784, -3.011865018307298, -8.28892160422386, -2.65627910038489, 75.97440007137135, -2.834193641108721, -54.46835562725303, 1.5173112363781767]
[-0.003246133363180803, 0.9795444903259636, 0.011020960332535967, -0.008104522568551431, 0.00411930683899131, 0.2655000596007966, 0.0003267843651624247, -0.0364897518431988, 0.014634020958453453]
Brigitte_Bardot_metrics
[14.285523655223308, -57.020240916027404, -34.553489286800875, -98.56440533024838, -32.29580343879064, -35.737657421267244, -1.254659975576068, -5.138124966245769, -16.98796688425195]
[13.756094982871927, -59.4769287134527, -32.673645538170106, -116.93760718623372, -32.11460603756038, -43.797355793475845, -1.4738119182006144, -9.931385860753235, -15.833299020294994]
Heleno_de_Freitas_metrics
[-0.6115043115843586, -4.099273695775604, -1.9603210282378347, -7.10985418605401, -3.8487262962011832, -34.86814024354073, -0.24653890323512453, 3.640977857152103, -4.665867029381241]
[-0.6363795584667913, -3.9020179325514674, -1.8719775639401095, -7.63073705587204, -3.759291211684264, -33.309618534402716, -0.2642525932492282, 3.640977857152103, -4.550516648949211]
Cesar_Chavez_metrics
[-1.9545695485584225, -39.849406356760845, 12.907193063701305, 18.687774623718816, 14.773510970514938, 116.20956516126613, -1.7166554167015378, -25.64869739908161, 8.99099506824676]
[8.547052967234348, -106.39070429186359, -25.373397283847524, -14.83206293268171, -16.029513223033483, -119.64568694208191, -1.6384003818440047, -21.89836974508422, -22.040505994146365]
Hattie_Jacques_metrics
[5.90013418114454, -38.02619654493425, -15.677689100825418, -53.56070957402672, -11.424550559314962, -131.41462156685836, -0.5856776396833094, -8.894172949413644, -15.71661033899031]
[25.087615778065015, -26.39001768314549, -34.332346057514236, -28.40076539903393, -3.9336547108081374, -121.55173740610188, -0.525518441383116, 5.105827050586359, -64.59985092859901]
David_Lipsky_metrics
[20.945517946845655, -27.926557638325107, -2.9132837795205853, -44.04472972561373, -22.121309166454076, -151.90239877992028, -1.4999783973400078, -1.0373434768495933, -53.920036213506805]
[0.9455179468452278, -7.9265576383253915, -2.9132837795205853, -10.711396392281657, -2.1213091664543593, -24.629671507190274, -0.22725112461273514, -1.0373434768495933, -3.1737675567868795]
Franklin_D._Roosevelt_metrics
[0.49129152311027013, -93.49733802167093, 14.282232011714846, -100.48799942219858, 10.099153613102636, 393.7681368077988, -1.0916516684343178, 127.85952429874166, 32.23426452162909]
[7.388151504499154, -120.44609213560787, -3.486389129410405, -170.7273804230581, -3.489140834172858, 297.7424202316995, -1.1440903298866298, 144.2865994231787, 15.806909316127864]
Solomon_Northup_metrics
[-11.965714466184998, 132.39731511666923, 64.43919921964095, -62.16451041431796, 42.1433502577793, 586.8311119977217, -0.10602262294590437, -5.577660603832438, 97.51079460893818]
[-6.292615321299443, 111.03266246347707, 45.43674485700425, -94.77268669943064, 38.80862536912058, 448.4226967049318, 0.054265576392879544, 9.245802567671424, 80.33297276079266]
Bethany_Hamilton_metrics
[-0.3640392017892342, -115.6309053099526, 1.1953566853298083, -73.73224340757304, 0.1203377366466496, 11.05775970007565, -5.643017064773187, -14.50058395189356, -0.13218516731698493]
[1.2911234673199965, -121.53044972614319, -5.4062518925918495, -82.14041418360291, -4.140360660305804, -39.25549683360853, -5.341108033197058, -14.938916866851574, -10.341104980763385]
Joy_Mangano_metrics
[0.10490025960976834, -2.4769211985202304, -0.34689707470883313, -7.916207976683119, -0.8219577875202881, -2.5876029069203987, -0.4235909244641926, -0.5800728640200878, -0.32961550246999494]
[0.19453379543983973, -3.131272917563818, -0.6122166021202369, -8.056410294381454, -1.0047913156096306, -4.596048369708448, 0.11411285488527789, -0.6809403664958709, -0.5734948947272107]
Michael_Rezendes_metrics
[-1.6064638630249441, 25.53838548668196, 10.709708397624299, -4.338051795024176, -2.7674283889733013, 27.561440593566417, -0.5203171660110532, 0.30468923203802284, 15.956888846729768]
[-0.5551297013692049, 20.91704297377316, 6.31211803617845, -6.220972210297244, -3.790468714780855, 17.083870877818093, -0.6647282687867471, 0.30468923203802284, 12.584168055417573]
Aung_San_Suu_Kyi_metrics
[19.327538712468055, -132.9634116940835, -84.70393096230916, 11.947636561011336, -50.05376331591964, -49.48386634970689, -1.0731428100465918, -22.959171794233345, -91.278051967946]
[24.739368578683905, -172.62806519730788, -98.78135470148496, -49.311688591804824, -60.896600911012776, -219.07369452712902, -1.24283841905149, -33.50142677527886, -104.94104804204883]
Joan_Jett_metrics
[12.202041725915517, -36.619707547779896, -20.76931169279801, -24.77506141517688, -3.685676227927188, -28.53009687684927, -0.721126201161417, -18.75127607887064, 7.818374307140941]
[14.00619641112159, -46.87108284602283, -25.63182468181702, -46.662132306512646, -7.7338931526050505, -65.05226776681619, -1.0312853920256875, -12.501276078870639, 3.2690357721540595]
Ed_and_Lorraine_Warren_metrics
[2.7413202761127606, 68.3833533545749, -10.834477537874864, -68.3951744663963, -6.968154538191579, -83.83163806332959, -1.2318491533664722, 20.189856472206596, -9.352227702479134]
[-0.6497314403253108, 56.06885530061685, 8.404853391169352, -76.92309527201961, 10.540715125119256, 42.11069737174077, -1.1864445431859916, 12.655170336397543, 18.029634057670116]
Lizzie_Borden_metrics
[14.782893428329286, -52.45837767581018, -9.725233677774703, -141.6085196157858, 5.118515743467185, 363.86692062730964, -2.760656217057227, -15.043280547917153, 50.55489513455004]
[11.234815804998304, -160.43347876114845, 5.847280157841613, -169.05184363375588, -16.702944207176703, -133.821529638307, -2.7522089879205027, -15.64498561673205, 27.07056622873851]
Friedrich_Schiller_metrics
[12.38288324797879, -10.276295571095783, -21.36346929985776, -102.77763362363598, 8.908573698828242, 113.57188498457535, -0.2739453947630047, -1.3521140168904475, -10.920117953666015]
[3.153269816590833, 12.223704428904693, -3.1389470068641394, -107.3569592279954, 8.357816678885497, 186.7241536454009, -0.5312273591999225, -8.852114016890454, 10.802040798791065]
Eazy-E_metrics
[-36.340667989288384, 48.19354658171373, 96.16051360314408, -76.28455102813061, 43.41798157281724, 381.0776592677876, -2.8189322340602216, -3.4702425146810576, 95.95630230657895]
[-30.455144440466075, 30.15193954233105, 81.31626363757981, -87.21070133645445, 33.75231836805375, 316.2244566866038, -3.066062875896151, -3.228979754788116, 83.34975033402011]
Christopher_Porco_metrics
[0.80573913925964, 27.019578786080412, 2.685069388430543, -20.77473891674913, 3.6824990490833933, 140.33706064978767, -0.15185198267178435, -13.434708134089531, 16.811156615264792]
[1.1007231901999404, 23.942822641342946, 1.1625347704133802, -22.235315602170576, 2.6887083747443636, 128.21708088802964, 0.09582074068666557, -2.478186394959095, 17.183799069506602]
Valerie_Plame_metrics
[20.28577627563951, -44.33384565594061, -65.38092239418646, -52.5193099138394, -59.58871250933501, -40.37127701355586, -0.4891961921146924, -18.38602437999921, -49.24753064385049]
[19.137789266438062, -47.62696274454788, -62.771116342208856, -75.27759451422861, -50.73123919402294, -54.92319589580679, -0.8434424817352753, -18.38602437999921, -47.75875361423405]
Howard_Winstone_metrics
[0.645212518502278, -5.1903580261082025, -1.928438454173476, -5.626300464010605, -1.3788163256961712, -13.5324549550803, -0.13039636961261247, 0.3846851266505914, -2.1538906588216875]
[1.4756003270953453, -9.928619592286918, -5.175138249472192, -7.529076274974466, -3.1868048980593513, -16.795414719227402, -0.3763099540735588, -0.1444503789127835, -5.571915082442319]
Paulo_Coelho_metrics
[18.09271714587437, -109.81534192832756, -48.06481638823175, -63.96548156750568, -27.09070022344997, -46.44365829394556, -1.4542476889851859, 1.986273850643208, 5.821972112546357]
[19.225489389369542, -116.97806262410668, -51.98159791400264, -108.1498746364546, -29.16894475318681, -68.80378591766676, -1.7768346097641083, -3.671620886198899, 3.7150113114168537]
Lyndon_B._Johnson_metrics
[0.33577912504599045, -234.69183986728962, 3.7969543976869438, -14.795114279097549, -31.345459327952955, 153.13925723063417, -1.5565516946788553, -92.31383842293752, -60.33758748562951]
[0.2914934189827746, -216.01422578180507, 3.4415195874150486, -9.041841567251817, -10.327759996496804, 164.72207416155732, -1.5706747511671233, -87.0097856752923, -57.51368322616265]
Sergei_Eisenstein_metrics
[3.972742743803436, -27.666062255501974, -9.938499304416233, -101.25858986950306, -7.419113828369133, -55.848806036016384, 0.46196350396929886, 2.0704390872352474, -9.268354674050311]
[3.5903616541984045, -23.88539159028936, -8.917484166393084, -77.42854060841879, -6.796382023782886, -43.09182132331195, 0.23807038283488935, 2.3048140872352474, -8.072217248742064]
Nursultan_Nazarbayev_metrics
[14.284704406016706, -58.46383553263016, -51.724860234593024, -29.11664100152872, -29.351389137849868, 155.91165766559357, -0.6124670551859352, -4.118866652050084, -51.57111172605826]
[13.463078767842482, -48.82217470626267, -48.23633681855888, -23.19825505933043, -26.135700200481033, 184.68401387327185, -0.923963868387856, -6.742338759393149, -47.90337949031944]
Greg_Marinovich_metrics
[0.4398819686473803, 4.099047943376075, -1.9285695412552735, -5.857030224936965, -16.11567684394565, -0.8538244482515359, -0.32514691882983265, -3.1536809463393105, -2.0222375421217444]
[0.4398819686473803, -3.400952056623953, -1.9285695412552735, -1.8211557854749942, -1.1156768439458613, -0.8538244482515359, -0.32514691882983265, -3.1536809463393105, -2.0222375421217444]
Fritz_Bauer_metrics
[2.1810902850073286, -32.32230836014252, -13.27721235721849, -19.413346627534736, -11.05906541358158, -167.90029273258943, -1.4359115639543534, -0.8805684273262493, -27.062832382574648]
[3.2148072093697246, -29.80191334082092, -14.571330004277325, -43.743909877766306, -9.537988724907128, -164.69850568865928, -1.3084605835621965, -9.880568427326281, -25.33829170645299]
Julian_Assange_metrics
[-30.00687604495686, 117.73888288828739, 76.0800142999394, 97.81321291768216, 61.59884259964295, 647.3570515783454, -2.3305427499923423, 3.9382917009649354, 73.24763388886646]
[-23.22704975435414, 60.867360647161966, 60.54738394987524, 137.87727755141785, 49.77896935569992, 530.2149016098767, -1.5222131405817438, 8.26269646286967, 60.48171363604184]
Hannah_Arendt_metrics
[27.36415672972257, -190.75866479758204, -100.76561724687257, -129.02542460764565, -58.4717942947042, -161.36609394532562, -0.4692467756930909, -4.998713473144058, -97.3350859567679]
[26.051900833574955, -188.54694603891414, -89.9193494458242, -125.74209381720607, -55.085229678465225, -156.66378689880491, -0.4923434230203466, -6.398239614117112, -92.41493969253065]
Paul_Potts_metrics
[14.587828783925644, -67.9749521304848, -35.91327480717101, -5.909766147803015, -22.456265422363444, -218.76497740543462, -1.6434769199859764, -9.967079307037885, -34.062977185266355]
[13.342262466521872, -61.430688115549536, -34.62417265956579, -7.338767495556508, -20.71066326881676, -209.4203051385528, -1.7447534870453834, -12.436722300931313, -33.05632122074788]
Yaroslav_the_Wise_metrics
[-0.7619530240291521, -2.5673678181910766, 9.299287097305761, 11.739996343708322, 7.189549070042799, 69.63093572951985, -0.933279868226257, -20.45887983349474, 17.10248894694605]
[0.192515922580677, -36.516745219309286, -0.9535131480257542, -9.219919658574764, -0.2891842317922283, -3.8940180129404087, -1.2035958542710115, -13.736657611272506, -2.0344511551395636]
Mark_Ashton_metrics
[0.8693933681757366, -4.155781678805835, -2.5308501361189117, -7.84345444647053, -1.8103502761036754, -20.789064253562362, -0.608720641303255, -2.8444165467207068, -2.628733217511856]
[0.8693933681757366, -4.155781678805835, -2.5308501361189117, -7.84345444647053, -1.8103502761036754, -20.789064253562362, -0.608720641303255, -2.8444165467207068, -2.628733217511856]
Sam_Houser_metrics
[1.304682005223456, -7.614828189601932, -3.564646852335831, -12.166125512731423, -2.665024869491393, -30.524205863860075, -1.8142942651963547, -6.130764956023802, -3.563023090151944]
[-1.6578839563836243, -34.56952382716845, 2.239430814105347, -51.85572700712761, -9.264506852026859, -34.094765222333784, -4.62647265284644, -1.324313343120576, 4.185036454521346]
Xiao_Hong_metrics
[-0.11848568822684824, -3.112232514668144, 0.33255298745133066, -13.75965068707549, 0.2592844538251645, 2.644326498373261, -1.0677784762145088, -2.68329803495699, 0.33627748432336235]
[-0.12168164466619297, -3.097147810140625, 0.345044895683007, -13.73637097607687, 0.2689187701700807, 2.7466741094849594, -1.0662066414539617, -2.6635556349047786, 0.3506617638733983]
Pierre-Auguste_Renoir_metrics
[4.8682925241124275, -73.53644650387929, -23.252236957409472, -23.267073392746134, -10.144949313273742, 40.862614610565934, -1.946736707335191, -13.193435097677705, -10.273939217118112]
[8.948300656165047, -70.92114717400703, -30.538948212188792, -21.484871973633517, -8.771312716670302, -81.25541810731612, -2.4121733613776595, -13.193435097677705, -8.864675298099817]
P._L._Travers_metrics
[4.693637333614189, -12.013922528331292, -17.768357169212408, -31.99926659199221, -12.532001554469655, -67.85084746371433, 0.5956454160507337, -61.68568756694463, -15.43916765697319]
[5.3102893109397, -18.299725451034732, -20.4478372488646, -37.80668422647314, -14.10530879202685, -125.14376642640795, 0.5517772508681215, -71.36520331108373, -19.018653097265528]
Jon_Abbate_metrics
[1.6470672454090411, -16.04719412362435, -8.815581776195696, -9.21184453362364, -5.471395827823559, -47.84166712762433, -0.8753121828757187, -5.30704889698541, -12.159815845619164]
[1.7313817130083646, -16.439632703847124, -8.994343294236685, -9.758256762504791, -5.61999820979134, -49.62995861448111, -0.9398266745258888, -4.30704889698541, -12.363844355705238]
Penny_Chenery_metrics
[-5.878337403692646, 2.636975079594439, 5.644652816922482, 2.8196756070943962, 3.6045311430089377, 43.13920100861891, 0.9876911202198561, -2.0877327932956433, 6.925034834675016]
[-5.573378792042522, 9.019638049206783, 8.94243211367219, -2.4334099374046883, 6.082448681978446, 53.4313603510871, 0.7941392158050103, 0.04907602123200244, 8.888146542684904]
Sarah_Palin_metrics
[-8.922388428755372, -441.3789928735251, 23.987462684804004, -488.8226387339174, 8.6521166210912, 135.68124072339128, -3.5294770419390353, -50.153985640270974, 23.45726205428606]
[-5.549338679972853, -465.5414422662377, 14.487828141403273, -494.6780380091995, 5.486223555880947, 72.17282217158885, -3.914624999376929, -50.153985640270974, 14.084065007450196]
Ernest_Hemingway_metrics
[31.463200391076537, -150.134874235189, -83.86271167211851, -39.672903696813044, -42.629255532031365, -82.06694236550919, -2.8282829512818313, -62.21623584494521, -58.36444225442317]
[25.17353250846494, -168.85869992845485, -73.92469514319293, -42.97797674064127, -48.02576246778993, -117.20348218924062, -2.8714131085281362, -44.71623584494521, -68.74228711628908]
Donatella_Versace_metrics
[10.021482216664024, -63.3592604325067, -34.82787111380359, -50.16721480848373, -6.170433927409139, -262.35146947430724, -1.0274666150332523, -3.854581799934196, -39.983968304555106]
[10.69920362993377, -61.32368162282715, -36.32370087809258, -33.896850734140344, -6.437290272398361, -261.53622205083633, -1.634395762425612, 16.406457796099595, -40.94610298170142]
Nelson_Mandela_metrics
[4.7949083769276974, -178.80802389475912, -4.17072037096959, -609.9837333332069, 7.004711461811633, -275.68868475002057, 0.4184668194274499, -32.501677412186595, -34.825982630371286]
[7.851360421998287, -217.70841811793167, -19.223467302641843, -726.8707029638555, -4.940850321078698, -372.2130909941626, 0.3659012124648633, -33.285100650744575, -48.13593852043181]
Confucius_metrics
[12.069506465702798, -84.82299451615114, -26.68437988205926, -82.46805245461576, -21.353204823752822, -55.1377356797414, -2.00809283130575, 29.691230422202402, -12.065396462993592]
[14.625067711627326, -205.78171969901297, -47.90985387238867, -215.7400690836185, -55.92709761307531, -377.3005284617204, -2.9963481876813756, 8.691230422202405, -35.56378708709271]
Hugh_Glass_metrics
[7.347171260540805, -47.36251755999011, -36.46250704873349, -81.88214825180377, -33.62454824831974, -121.88835668667048, -0.6135906813439478, -13.282871978645264, -19.709900856847554]
[-5.973249286489157, -60.66521875742825, -26.553955266953263, -6.9271427857692345, -28.124875692212008, -73.84760493701627, -0.524397593422236, -6.8517470101561715, 5.899016627600325]
Scott_Fischer_metrics
[1.530497962301544, -16.0435916382902, -6.467489503900691, -16.205034200405915, -5.467919667660758, -56.22836473130242, -0.7130519107991948, -2.3099830879324923, -6.874012258982467]
[2.007375207722087, -17.972368577206396, -7.710400409319762, -20.70978508726999, -6.35074071959335, -64.3496363005473, -0.6747983834617769, -2.399124388299274, -8.107261138702778]
An_American_Family_metrics
[0.639022194151929, -13.491126151112335, -1.37737336357318, -23.928481777450976, -1.7544329357132675, -20.673902636414226, -0.3408082441828019, -0.9864224215188331, -1.723057342028273]
[-0.02562196947876505, -9.205411865398025, 0.3281897300496266, -57.886353174346205, 0.11201362693650219, 0.21562176055402027, -0.05905767210042212, -0.9864224215188331, 0.2573895654212859]
Milkha_Singh_metrics
[0.9208178119443904, -13.534499578175364, -6.096939499296289, -88.23525949638608, -4.667879188093252, -11.7597604734772, -0.6779870434624167, 17.480517003906044, -7.037256666513532]
[1.3760968975306493, -15.790774009002917, -6.797696434389895, -92.08113762473876, -5.105731160626231, -18.7369891697425, -0.7250367633088436, 14.88598635317025, -7.661842875578522]
Mark_Zuckerberg_metrics
[-8.838362362531521, -132.9305365474437, 36.104440341278156, 28.619857255867856, 21.786088864400195, 210.02005769712642, -0.70747953345714, -26.77378771036329, 24.656836218447005]
[-9.425818065745263, -119.93029548067759, 36.27377158814973, 43.51251454011482, 28.025285643403226, 247.99947074945513, -0.7382727884794985, -28.872502278991334, 23.446240662811675]
Rob_Hall_metrics
[-0.20743163900417805, 2.229803860149092, 0.533837920526715, -2.160900823729886, 0.41586531204908006, 4.182850104468388, -0.05264144232332946, -0.460855106996096, 0.5154735766512872]
[0.31040745940310366, -5.053198034825371, -0.7605508999365844, 41.67717808819412, -0.5831701440066838, -6.720500911064248, 0.6827105267255926, 10.089053906669212, -0.7358844647729837]
Aristides_de_Sousa_Mendes_metrics
[12.725917528535486, -126.42933624145033, -37.59830638495022, -255.73324445664514, -30.122709660089665, -206.5662394628077, -0.28813452883112833, -24.69578682269844, -35.287811881184986]
[12.682823371263014, -130.1570148128789, -36.642745009011676, -252.80745966103075, -29.73279339917664, -201.741512118299, -0.27444658835330193, -24.69578682269844, -35.09773990086173]
Harish_Iyer_metrics
[-0.3163088995004432, -2.067466387195938, -0.0688148233656199, 19.465527817459655, -0.04378378157015727, 14.902930596766693, -0.363274060352514, 0.5647173711056757, -0.2701339972515439]
[-0.3163088995004432, -2.067466387195938, -0.0688148233656199, 19.465527817459655, -0.04378378157015727, 14.902930596766693, -0.363274060352514, 0.5647173711056757, -0.2701339972515439]
Alexis_Neiers_metrics
[2.9494103063075046, -17.321569375746463, -7.760017758949238, 1.669485476834927, -7.997060215970054, -61.59377656786006, -2.7394217299172263, -4.415579838908528, -6.997736095934023]
[1.9634216745930018, -15.726331280508413, -5.081446330377819, -1.2017725090661902, -2.691601538122426, -43.035150727681284, -2.1977550632505594, -4.040579838908528, -4.834742439007957]
.gitig
[2.9494103063075046, -17.321569375746463, -7.760017758949238, 1.669485476834927, -7.997060215970054, -61.59377656786006, -2.7394217299172263, -4.415579838908528, -6.997736095934023]
[1.9634216745930018, -15.726331280508413, -5.081446330377819, -1.2017725090661902, -2.691601538122426, -43.035150727681284, -2.1977550632505594, -4.040579838908528, -4.834742439007957]
Lope_de_Vega_metrics
[-31.975948575865466, 13.86345919238487, 6.642026494380826, -58.706808403625956, 35.05556880942692, 18.881025974312795, -0.47580990285832875, -6.869863356844601, 86.22954322917954]
[-21.975948575865257, 13.86345919238487, 6.642026494380826, -55.37347507029264, 25.055568809427065, 248.88102597431765, 1.6491900971416713, -6.869863356844601, 58.00993538604229]
Matt_Hamill_metrics
[2.273407294210333, -23.65717539545949, -7.755186574104869, -117.4177992615771, -9.486865372922603, 35.29633830267707, -0.46301320445117566, -6.19016395274737, -7.285892758913285]
[9.761686328583751, -72.42812892214309, -31.003325269850826, -20.341963900508325, -26.09316723542366, -104.5127905225263, 0.0013446054860288825, -4.967988342016553, -29.573090228958563]
Hank_Williams_metrics
[-11.524378683925208, 35.75936350867818, 56.174688048491745, -67.74295846482875, 28.99093863994611, 335.6671957760934, -1.390258866766946, -16.284547364412628, 68.3097210656094]
[-21.4183596552178, 33.733765702766064, 65.73092249436124, -66.27815675899126, 36.02179511929525, 309.15795428219076, -1.8090024850538973, -17.712318352554867, 64.65206854146987]
Tim_Maia_metrics
[-5.987232679044406, -6.560186447376289, 12.264797409959918, 13.482264373539675, 4.247682523994806, 118.14503826334632, 0.44456365269363746, -5.644489835847872, 10.008745530701804]
[-10.663346039368601, -30.790955678145657, -15.73520259004026, 2.1615096565588736, -9.752317476005137, 119.39503826335616, 1.1721498595901891, -3.644489835847872, 25.530723552677237]
Mel_Weinberg_metrics
[0.1757263536018833, -1.161545899206135, -0.5289734886406653, -2.830757257063138, -0.44966685633308684, -4.769902280262275, -0.42204637844195014, -0.4470722094317472, -0.5462137232297933]
[0.1757263536018833, -1.161545899206135, -0.5289734886406653, -2.830757257063138, -0.44966685633308684, -4.769902280262275, -0.42204637844195014, -0.4470722094317472, -0.5462137232297933]
Disappearance_of_Natalee_Holloway_metrics
[-0.1572819645764203, -104.1514337108428, 0.15764056589874853, -2.1939381831512663, -0.015885082297176244, 3.3245449534267983, -1.8845687988361841, -31.54758842649493, 0.048883896446168265]
[-0.17489744855032613, -102.97791408311154, 0.5400586964420089, -2.5798593641903964, 0.3042700748888763, 3.6953362852267304, -1.865265929338894, -31.12615860580655, 0.5543284518190821]
Micky_Ward_metrics
[0.3806289792109865, -3.897269975918853, -2.721295981132161, -4.270424278642196, -1.8665389946457402, -31.35939324136897, -0.47093207296730666, 7.410200002887262, -4.484327291214954]
[0.8154623181959391, -5.829402210821993, -4.556479566801439, -5.59071949443206, -2.597587331015945, -51.56596612207681, -0.634742746184516, 7.450745459838892, -6.838617468417169]
Philip_Markoff_metrics
[7.643613345669433, -48.293833752107325, -22.845382351416184, -52.137256147042024, -16.13929765577714, -181.98403563777123, -0.9680399394121129, -29.721010634750236, -23.14715442807489]
[6.3198726080314245, -35.86477372680657, -19.222217038682103, -52.94350568892179, -13.26187402052715, -156.5498189860832, -1.4844505642438068, -38.873922360705436, -19.518958191257887]
Steve_Jobs_metrics
[11.048030249577423, -440.8770658384551, -52.71364929296334, -265.43268971112485, -30.523100061534453, -445.6709525489819, -2.483875429197177, -108.53882425365967, -83.19936583231039]
[31.63220519849599, -412.0167921591594, -87.92257106820554, -49.087837486051995, -38.67746585155226, -454.90519717970193, -2.066725766816835, -84.65624529670328, -81.4450054230127]
Chris_Kyle_metrics
[-15.761414686167061, 105.05494406057014, 41.71133241438478, -73.44167818606594, 35.61507466782007, 92.02022587638427, 0.0859478228581636, 36.85551923480601, 25.31926751764133]
[-16.696143838368567, 105.4285092786192, 48.15648601566534, -79.57756954365333, 37.412493557860884, 234.29926969436093, 0.014895272945885552, 31.809086769320754, 37.612421993345876]
Jesse_Owens_metrics
[3.2651915201199335, -80.11630548105597, -18.960343740085147, -12.988148929512356, -5.254597621441141, -108.25621066566501, -2.5235385423043724, -30.384540015350524, -18.74177901549138]
[-3.343744161245938, 25.15712112011424, 14.541135965933858, -42.0105470660161, 28.12152010975799, 204.64436724926654, -1.8183220181416622, -29.83586569196472, 27.458916551269162]
Aron_Ralston_metrics
[8.416326627105049, -42.71783500495884, -21.25473869168746, -29.344695580811184, -9.318477758948724, -56.93607369937145, -0.49797256547486657, -14.093700521869268, -13.606110864776365]
[9.345268366257855, -53.694954292576924, -24.719637710935682, -73.50132527073957, -12.98123354592223, -80.36870034034574, -1.58121101182661, 20.58583876042251, -17.892258090655073]
Ip_Man_metrics
[13.136359771754856, -90.47066555944876, -29.50183162501493, 40.774681597923795, -18.525719154595436, -173.8956491871546, -3.755549189006564, -5.305158167364597, -18.722524990984997]
[11.409406529141119, -73.69559041663821, -24.91580300454612, 13.427175598515014, -14.601362834949295, -133.1289701987285, -4.338520264768368, -6.820928229487042, -14.416534464571763]
Sai_Baba_of_Shirdi_metrics
[54.02855042420091, -362.17009091912087, -199.46025742786773, -286.59823471291224, -140.65668593620256, -909.2209154274034, -2.3687593104576075, -8.994251102530656, -146.05870957253927]
[55.91606914020405, -376.0678568078262, -217.75186913901396, -306.92149216953834, -149.52535639441578, -969.9178817212741, -2.2391281546838058, -11.811375645694614, -148.52286148105205]
Valeri_Kharlamov_metrics
[1.010523822270055, -10.01201272462899, -2.56643592534154, -34.54623910712375, -12.033812231726444, -19.290437072756827, -1.6208423192292525, -4.58365979332673, 97.57714016578305]
[1.010523822270055, -10.01201272462899, -2.56643592534154, -34.54623910712375, -2.0338122317258747, -19.290437072756827, -0.6208423192292526, -4.58365979332673, -2.422859834236845]
Diana,_Princess_of_Wales_metrics
[35.65850327438755, -260.6527621725589, -124.37984276520595, -214.05076615811836, -83.72675382319363, -851.2929561205196, -2.089608153914028, -3.0748339470761157, -146.35304046189006]
[35.65850327438755, -260.6527621725589, -124.37984276520595, -214.05076615811836, -83.72675382319363, -851.2929561205196, -2.089608153914028, -3.0748339470761157, -146.35304046189006]
Grace_Kelly_metrics
[20.67122283283778, -90.16030425895184, -35.465015019117956, -87.91733484176319, -21.069563351271256, 63.59321646693161, -0.8282952524139874, -26.483139926434443, 5.274614543293914]
[21.07026681525302, -107.27215196137297, -38.272577271312784, -93.4008232890225, -24.17828715864975, 39.839079793221515, -1.138163504817209, -29.494478414089382, -0.8114810281017952]
Bernie_Tiede_metrics
[4.468607720321534, -43.01311700567909, -19.250005157424503, -24.26823852319649, -12.575719923275098, -79.21326969964906, -0.43541570635968485, 1.2828262734967106, -24.447726051216115]
[4.391549826058005, -42.347278318356246, -18.885204108407354, -23.874512121570252, -12.395819016097889, -78.82056069012964, -0.4428368586031074, 1.222509495063924, -24.089607228412362]
Marium_Mukhtiar_metrics
[0.45673172174007803, -2.4119968222665653, -1.5096864175406681, -3.934772554097651, -1.0391820160944707, -9.228698845965017, -0.43785802350652336, -0.9514591692960661, -1.670525356732751]
[0.4404286215001632, -2.3024175125651367, -1.4590802222799641, -3.6809308890178762, -1.0006901356799487, -8.7738783098029, -0.47292929818691415, -1.0040183567734804, -1.6149145024103584]
Mary_Kom_metrics
[6.257961429340417, -48.79177149354746, -18.037563846938767, -86.3958032883115, -13.306889622130711, -137.89139698774213, -0.1731656161523425, 18.49426880285842, -17.541977222120693]
[8.07994550861218, -61.106299634403314, -22.783597597997527, -80.80930925183574, -16.23501344413448, -172.12808976806826, -0.41608909454525567, 15.021622989604621, -22.01925566306558]
J._B._Bernstein_metrics
[0.6900805284348275, -4.374703359387256, -1.4223094613958045, -8.478202407186501, -1.024759180006264, -0.584855780690325, -1.1327483771971802, -0.057860661321482126, -1.0421955842694655]
[0.6579452899375211, -4.165688756763012, -1.3384043984635507, -7.633745571459274, -0.962504662657383, 1.5066313938660869e-05, -0.990806523268645, -0.057860661321482126, -0.9624880394897787]
Yoshihiro_Tatsumi_metrics
[0.4588266584175584, 5.781563065657315, 1.0084835686222107, -3.1058988041850553, 5.1319390640793054, 45.07677648488658, -0.22506938846541746, -1.4701488234248672, 6.346386410437802]
[0.04763766406247766, -1.2379355415850306, 1.8313816008225627, -7.219747165821064, 11.912171186879611, 17.77138726332967, -0.8947526463839695, -1.4701488234248672, 2.6892893704146377]
Ron_Woodroof_metrics
[-0.15208530108933674, -2.276104335614149, -2.729549837829406, 1.871695480137364, -2.231751724368438, 8.01209142264999, -0.2671686714244183, -0.9795929645444215, -3.4498957551146274]
[-0.14101845735317028, -2.276104335614149, -2.7916616390716418, 1.83260243869874, -2.2687887614054754, 8.254222173255316, -0.4671686714244183, -1.0462596312110881, -3.598927051686908]
Margaret_Thatcher_metrics
[28.82282471413645, -178.95495809714774, -96.49866921012088, -84.27412849994013, -63.87481521080362, -620.0486199418324, -0.35335182868480697, -6.693479959141255, -105.36629984942783]
[28.724163286069697, -182.43333897897867, -97.02269354763904, -78.03153826340272, -64.4949506885064, -620.3950376133589, -0.2944102521024192, -11.779955575028621, -106.0930498542826]
Augustine_of_Hippo_metrics
[6.883186168848195, 7.955969003843691, 14.05467143925652, -167.12916157949726, 9.743180061725136, 376.19038318689803, -0.9800721093267566, -13.98569870214207, 47.36379074388128]
[45.66156160894681, -161.26659278970476, -85.2183244384193, -248.34858457551445, -58.43205647577193, -418.2286010784816, -0.38437929385287206, -12.662201195642073, -76.38218676233541]
Qiu_Jin_metrics
[3.269294298833506, -10.847221276809156, -11.498673712558151, -21.238414142882007, -9.353798510205461, -84.86680133165733, -0.011985573490835011, -4.6215323229268215, -10.178287940003175]
[0.683778822027759, -15.243542219137447, -2.4986932465027243, -7.624237923248655, -2.633094864538664, 27.904480531939843, -0.7187597213152015, -1.3159718449083335, -1.5548106856228223]
Margaret_Keane_metrics
[5.064913275550801, -13.824365830399055, -10.955113568899883, -48.764447185958666, -10.190807942665266, -26.70205981858137, -0.36876750454104223, -22.687056690141816, -5.151521482020562]
[4.981309936750583, -12.481690628404518, -10.641865464203207, -46.76267091556228, -9.885925910618942, -21.49940844035524, -0.47983847943171004, -20.572867835027825, -4.740645003141272]
Jordan_Belfort_metrics
[-0.7650576097710671, 7.229182998584356, -4.471242274652823, 55.38131167429725, -2.278150683446393, 36.967911097580185, -0.06972292630539634, -46.05486521343966, -7.4560006430107855]
[-0.03786334266212599, 1.2452536803767202, -6.624384944169595, 38.516044981113986, -3.697909562714999, 20.87880818348657, -0.11447774264234156, -33.54570483456202, -9.755924954746632]
Sigmund_Freud_metrics
[8.388531889562465, 591.5806724763106, -18.317822191151276, -534.6913289815307, -211.09842087966592, -200.30882045503844, -1.4663608500405338, -48.55926944429142, 165.31827602134058]
[3.657919368529866, 476.0052354358651, -20.98026330627558, -444.3516261819412, 10.079194254510158, 83.812224838213, -1.7947566184083887, -12.453463779429427, 99.28978927825582]
Phiona_Mutesi_metrics
[-0.8701246352005358, 0.334699824802156, 2.178360102233979, -10.323302468837237, 1.7350961070532467, 17.079662407704276, -0.06687648239156674, -0.7243800525726523, 2.004935214714008]
[-1.3597585819440838, 3.6647409327885834, 4.038776588595593, -11.231652910998, 2.6719037403819965, 28.086022444609135, -0.16177664957770665, -0.28855378102844087, 4.108639431219537]
Anita_Hill_metrics
[0.1691976841222882, -0.8093876359994638, -2.6898319731241944, 26.037867292051544, -1.8155098383000743, -24.928616202655647, 0.35637540449810223, -25.438513034548397, -4.024889187046446]
[0.6676860273200282, -4.236567668802731, -3.989877859781288, 18.739113699542003, -2.7301388780202585, -36.26991673375251, 0.3047822667892808, -44.65484300087837, -5.30812458987433]
Felix_Manalo_metrics
[14.45201094493291, -64.0752173231698, -59.692700367731206, -73.78325327795682, -40.63668619269636, -101.57491925764442, -0.552420144121186, -0.24318001647343213, -29.837681260982656]
[13.212392696531552, -54.69586722260243, -53.84503980767318, -76.93183193227408, -36.71386004245123, -52.86424707431874, -0.7758286204883847, -1.9243173204441262, -24.689022120400317]
Ferdinand_Marian_metrics
[-0.47775617814560967, 4.858994950590608, 0.8737064987906409, -1.545016349847716, 1.9424999235080467, 8.239083538824623, 0.18016548673872973, -0.2635194301997277, 2.549668203689266]
[-0.44548459355968095, 6.203378007680866, 1.5338279149217258, -3.1613969793374026, 3.587706253014721, -4.384683803651783, 0.7584469313215441, -0.42556512470255276, 3.5277440175562136]
Linda_Lovelace_metrics
[-5.96930679911458, 60.90942154558341, 23.487862157462747, -69.37716946546465, 18.064678715042774, 151.38633971665465, -1.2006945290595832, -23.230767074214832, 26.94472784851125]
[-5.770892022610506, 58.705473316385955, 23.853644640214476, -73.60071533406723, 16.88549500164878, 160.5648201199463, -1.3017672131772824, -20.77563168862813, 28.697409180445476]
Gustav_Mahler_metrics
[28.974718059194373, -159.35489711371352, -102.40729246260977, -69.80088371904336, -74.37128435133188, -187.01565093115767, -0.8472460869090547, -24.359881775366333, -103.25014254490833]
[15.914492685716727, -116.19157305652074, -70.85212934082105, -82.04395850591293, -50.7269283143661, -66.06049395903244, -0.9182930423749003, -23.142986798197384, -70.94876936121264]
Kimani_Maruge_metrics
[0.11436429541078033, -1.2904784626587187, -0.29022033437430583, 0.43109036202739937, -0.24716972053387726, -0.8364817952151287, 0.43054024797462265, 2.256421672954422, -0.252141439270172]
[0.11354640431951336, -1.3048738077484097, -0.29186656319117094, 5.300388660690578, -0.24962356285607232, -0.8624856795789745, -1.199894534634073, 0.9531958665028095, -0.2555211291079326]
Martin_Luther_King_Jr._metrics
[1.3048561305729136, -219.3379051732006, -5.15393300939781, -2.067284937779172, -3.3879093177970168, -102.09999664815221, -1.6270841357322274, -41.68238991553858, -5.257833018198892]
[30.03446528411503, -352.2872003588176, -76.90946151878887, -114.01972108507978, -43.07397511523382, -432.1993553918465, -1.0084990897493225, -42.88666489682153, -70.97741938540116]
Melrose_Place_metrics
[0.9811292694784954, -104.52635005894874, -4.178318950961322, 28.72529092166841, -3.996672703452463, -250.88420073253872, 1.6018564303478893, -6.83943278438271, -44.95061555583985]
[0.5399298097705268, -97.26931735795868, -2.7976009345284463, 17.520136113937397, -3.0153642249984327, -234.95157642400065, -0.46487051359424414, -6.7051044261737545, -43.81124491380655]
Bobby_Fischer_metrics
[95.2135637423558, -442.23082500876137, -274.5749013140201, -502.5612659438777, -167.50406751301853, -1308.2957176545053, -0.8424569666029917, -15.14529707552132, -307.25683579237545]
[56.82555420210764, -356.28100823034265, -173.78806145417173, -478.5652519590878, -139.99990704098033, -752.1488544019801, -1.090183790600176, -22.715534667335803, -206.39857158827078]
John_Allen_Muhammad_metrics
[23.742264211939716, -119.43807509006467, -68.60517452398527, -27.48000313991278, -48.76402694181674, 48.51545153172893, -1.6371488275314081, -1.949153398837745, -50.10037082069486]
[34.682604392680275, -80.15236080435052, -51.85890586726884, -57.9768559320387, -15.806812998751603, 24.363754924942526, -0.7877278204979354, -0.39362175871721483, -28.752223888497973]
Albertus_Soegijapranata_metrics
[1.3456251343060575, 0.009252356261661987, -1.4530441291563134, -2.57636080478143, -0.32342596066973517, -51.588135326822666, -0.026282229777937885, -0.6939767943326787, -0.8285998848038645]
[1.7469949459823342, -0.7158358524627975, -2.42749675565421, -5.691307507205529, -0.765952581768528, -63.40335504246026, -0.03650782993782106, -0.9316838005136903, -1.4702722809734894]
Vera_Brittain_metrics
[-1.9065739275775468, 8.092740420049116, 6.422492072212146, 7.729210598454856, 4.6503958654094095, 77.37493546549004, 0.8782792185637438, -6.931408387724735, 7.621567151156132]
[-1.0470810665975159, -0.2746170394827665, 4.244212821434395, -6.140099238848087, 2.835479508736412, 52.01258426746259, -2.3085073604746515, -5.447197861408947, 5.251111080107102]
Frankie_Valli_metrics
[-0.3716433194932407, 1.9071460641709095, 1.3212285664792442, 3.900655207797854, 0.9039473636209256, 12.008319514013163, 0.11315723526202714, -1.0027650252672498, 1.4872626019113053]
[2.777127367438979, -32.25468178581272, -6.4876082845839, -96.50392019000269, -4.800082490874435, -66.81089234924653, -0.41305197741359256, -8.765291055376494, -6.538213249203668]
Niki_Lauda_metrics
[-0.4428521827792711, -5.917946933935371, 3.3059390411609386, -29.758666262486592, 2.5486594636858024, 28.58713854151409, -0.8650425031043752, -4.5287928660723145, 3.9049316279650035]
[8.166346320156212, -45.84783154452595, -19.325272960774814, -26.19880576054376, -8.908235561984425, -74.74199432913719, -0.3332597889814576, -9.533149985481082, -17.134426484766905]
Srinivasa_Ramanujan_metrics
[-45.30922266795328, -67.46143853122189, 141.79718162259388, -184.09116583791067, 23.77845059811401, 693.2185782506035, -0.37061813444127556, -25.927441543728097, 121.32741309512389]
[-31.266880896648743, -108.29473881425405, 103.84653450716355, -202.09123880838138, 12.996091474781164, 551.3931531184357, -0.767637051044251, -26.23626725684092, 89.73919356813735]
Anne_Lister_metrics
[0.18599080290375386, -2.0687345126560506, 0.14504295003533807, -17.604276606182506, -0.023155518041215406, 24.093301464028386, -0.24899246492065288, -3.0470241075794187, 0.755979390884238]
[0.3167517149727715, -2.9909766018887556, -0.22803305989716915, -18.31000778624071, -0.30840070209219883, 21.046435788246466, -0.2890093362170415, -1.5301558407111493, 0.3819554141586503]
Renato_Vallanzasca_metrics
[-16.73823120708911, 20.933877245196996, 15.185866212351613, 23.95323222977565, 6.00024806749486, -265.4700434936601, 1.2500213512003686, -1.68151586312314, 40.401525993426375]
[-13.523945492803444, 15.933877245197076, 10.185866212351694, 12.414770691314217, 3.5002480674948515, -215.47004349365903, 0.4166880178670355, -1.68151586312314, 28.020573612473786]
Howard_Marks_metrics
[2.1021216336299973, -22.400519180535742, -5.7075241133261425, -37.04292612273278, -4.648834411290002, -93.32490516166777, 0.22471146668523878, -19.933991719649413, -9.97215164075871]
[2.0629906118667347, -21.730885101371744, -3.6772550997462865, -35.879698504275794, -4.81674971577566, -95.86060743199644, -0.8137116433657785, -14.378436164093856, -8.86618399857405]
Chet_Baker_metrics
[4.946260372123946, -40.94046662117262, 4.797767682140532, -65.74663617887785, 6.513107172986601, 19.200417212268224, -0.8839452473019016, -12.789245110907752, 13.848470522757498]
[5.467233141502344, -41.57058794253033, 3.6639870401830503, -66.90680500964541, 5.362355337339405, 9.55559847764226, -0.9143361087433914, -11.039245110907753, 13.141165654259618]
Walt_Disney_metrics
[41.817381136681206, -268.44379094424903, -152.845201410024, -274.89921027959406, -96.40616613257531, -828.8583734821148, -1.7662906111691847, -5.3355272480317275, -163.34172844496405]
[39.739283244675185, -208.7704607160917, -136.70511088053487, -351.6718962982568, -70.92548248762157, -586.2860375404497, -1.4686537023623447, -36.33552724803183, -133.214657872707]
Dalton_Trumbo_metrics
[12.102761249602422, -69.35844456864777, -20.99792400491793, -49.765258503946995, -17.307243187802285, -28.179253280865968, -0.6510898809487786, -6.782145353672742, -0.4678965687061547]
[11.288797865585032, -63.893048563789876, -18.869957600938086, -64.14329001823705, -16.093269140029843, -14.009515435470734, -0.7139876246949357, -6.782145353672742, 1.5821025892659093]
Kidnapping_of_Carlina_White_metrics
[1.2479061209446904, -9.367075463233993, -3.79528540111239, -23.443772121047388, -2.9334713420824303, -24.887662278872163, -1.1977603317778498, 0.5025636933221955, -3.7948535199908378]
[1.2277482314726027, -8.229693028906857, -3.5977666363148835, -16.299079785448466, -2.7009785238629034, -22.199853638671676, -1.0019815726372001, 0.6561834216266927, -3.5309963694559423]
Shin_Jae-hyo_metrics
[-0.06518573332615696, 0.2693679223025409, 1.8800625470282282, -0.36477689886650744, 0.3059971472820133, 15.695962423210371, 0.7041897174220033, -1.927661313020892, -0.5589950311778944]
[0.5525522154843168, -3.6214388798966652, -2.247563131517914, 14.193117507031793, -1.3611090759599804, 3.8094188875902857, -0.6150216919739695, -0.7827592832191774, -3.2863837379279417]
Harry_Houdini_metrics
[1.9051776682227297, 38.95317988795836, 9.196737107818455, -48.865150252474706, 0.6587215077242922, 294.56042882573774, -0.7007417071147999, -11.489185360571817, 28.037624030125052]
[1.8364592698517086, 20.818987367159338, 9.320215427073546, -83.40349078287846, 0.6196457220953859, 300.95689486575765, -1.5236783070515856, -13.762129625504384, 28.187625610492024]
Eddie_Mannix_metrics
[0.9787987766360322, 7.517754771350066, 1.7634220357635777, -16.443059141125758, 1.897812089974076, 10.121090565696445, -0.13565663796998595, -5.531483384808634, 1.9662089506167941]
[0.6329807848406902, 3.924222814768015, 0.18485645870629241, -12.573651867196931, 0.8057246990359272, 1.6784974804058237, -0.11595137152976992, -4.619470097448447, 0.7289184719570656]
Brittany_Murphy_metrics
[10.289585754327291, -83.08191964967538, -17.490482410841857, -22.40757544994122, -19.68966230312543, 11.681780541428523, -1.0421623356595737, -10.299200889361918, -4.7715094504272]
[8.488089769275746, -73.18409078632935, -12.870093131123586, -41.678091809236136, -14.94473215440981, 39.96842811705118, -1.4027520902872106, -10.299200889361918, -0.4337498350912803]
Jack_Kevorkian_metrics
[25.002630724347064, -167.90308693545649, -89.35067482486892, -115.82600448020223, -64.92772306820042, -233.8310708200353, -1.857098438623045, -15.717719001894684, -85.71013488042115]
[13.799790171934523, -102.51412298548203, -54.590320566798866, -146.6737918557608, -26.61377424330324, 201.26667895684315, -1.5789168915159633, -14.353149313805774, -54.09135180021431]
Pablo_Escobar_metrics
[33.91163472106095, -205.64816035243453, -146.6411508374565, -207.23276076403857, -99.32253830513619, -752.4130413245613, -2.187272416242416, -29.649357707925766, -180.09634717521925]
[40.628025513728545, -234.22423092616373, -162.86200756796984, -448.7483840968022, -98.75326202700754, -724.3823918669482, -2.0273367238004316, -21.06944408189494, -193.7321084173476]
Jimi_Hendrix_metrics
[-7.7416901553223765, -307.9097223808926, 20.198491271640343, -12.530903289226375, 18.49378703672439, 93.11536517799672, -1.627888043334449, -33.90195787281523, 18.915727695738042]
[-2.441260354811519, -336.14501649853986, 6.986768783602072, -58.36423662256068, 7.0889434600086645, 31.821247530937796, -3.3611677375917157, -33.90195787281523, 6.393387845721524]
Silk_Smitha_metrics
[2.261454759454909, -39.142545753185054, -6.625656736037994, -88.746760560249, -5.2576443772480825, -55.70571263623731, -0.2238744456941284, -8.374807558936386, -6.704140594318474]
[2.031732756941197, -32.34796539733692, -5.8562447337571815, -50.4753085506545, -4.464290646293426, -40.14211529004366, -0.6171690891800827, -10.093851886346135, -5.806833752021506]
Aline_Bernstein_metrics
[0.478754051719492, -1.8176685483912034, -2.4256441995015825, 1.9313435138363486, -0.8038779726335077, -2.3216758437907474, 0.12298656484483672, -1.337811130166381, -2.793199871561552]
[0.43911403817150496, -3.8279136396939544, -2.72218356905668, 2.976177716574136, -0.5791757596815681, 1.1458278109818207, -0.34182712427355516, -0.6778308775803388, -2.6224650771062987]
Guan_Yu_metrics
[40.50338816186792, -255.227906764324, -153.64691447041722, -181.01018298677778, -57.49274328909486, -972.7173987542906, -0.12036389838979145, -0.06911729379293563, -36.38314799329688]
[29.074978472534884, -183.68944522586196, -180.95137199775132, -86.32881388669881, -84.51954395911129, -433.6134027255006, -0.6355842483782395, 0.9582138959176758, -85.2299724989442]
Whitney_Houston_metrics
[-13.896612388110302, -257.1318583204118, 38.783742263313734, -370.75817560244406, 5.689840121002815, 246.27430390713724, -2.280709479739385, -72.40383305119315, 51.39697221595782]
[-3.1857167997195415, -300.54565641822535, 9.779567408516662, -310.291191139166, 13.246927342496972, 185.39933750135842, -2.2796695323187306, -60.13333394245875, 27.85890132921447]
Dennis_Stock_metrics
[-0.016693956413193017, -0.11759935829099888, 0.04126709759614722, 0.011070989270695941, 0.03037527423010461, 0.38524171595055456, -0.009680105312567577, 0.05272221231307617, 0.041101230858898274]
[-0.22126101943107207, -1.6100022077061937, 0.5700636843599489, -7.018017587927752, -4.545558530452811, -145.45814384942736, -0.22218876809661153, 0.5038734523652955, 50.55038408080814]
Thomas_Wolfe_metrics
[6.557227261343474, -43.97524389149898, -20.411326534952472, -15.820220485941363, -9.063319406004412, -30.675400104480474, -0.040689817569803444, -4.410141947664854, -19.404544366840796]
[7.315127868833193, -51.26212913740032, -22.088155803245048, -25.538778093681508, -12.304060146745098, -23.20141713380658, -0.15042497078321765, -4.410141947664854, -22.101100572168868]
Abraham_Lincoln_metrics
[36.82461134752065, -444.26601324462194, -92.00271746758243, -178.57750194654236, -38.35620700209276, -1107.2745658203671, -3.0443392708816424, -27.143417565000966, -117.97205860027623]
[18.237749225317202, -352.6324293846928, -41.20621674982129, -99.40495657638448, -9.317519181172008, -620.5157583044297, -2.813111838306967, 15.18148761831133, -54.28565576997301]
Dylan_Thomas_metrics
[-5.02874126004484, -51.912071727646406, 22.57095344103847, -226.00926466653084, 4.219996269553245, 70.77034867089111, -0.7003243018915495, -15.854844798406447, 26.36408024769529]
[-7.150945108148702, -52.6225980434353, 27.66598268080474, -193.5761472968802, 10.117276393844673, -70.19400612325532, -1.441458148645523, -15.854844798406447, 45.95604761874631]
Antonio_Luna_metrics
[5.573635984605454, -18.659197538117155, -20.265175099939434, -14.404156430836686, -7.799855758767077, 294.39054871506306, -0.02183353261648807, -8.609708134554353, -35.40217414752929]
[10.479392464636062, 53.19870348322907, -65.59169622344947, 61.872447442350335, 24.89205936629631, -144.2890286347176, 0.8936599685490092, -10.318352254527252, -98.74805557356991]
Michael_Burry_metrics
[0.17837148583466833, 34.443258749573765, 0.5434785913952851, -9.81554223781492, 1.7410371038869101, -45.68383623679544, 0.4867118267667413, -1.3916366173584223, -15.399552661728096]
[1.966030274565445, 33.501333085907035, -7.1809432140638005, -15.362363892568588, -1.3888922852899412, -72.64518752904902, -1.2458589617903906, -1.6803585572177364, -24.630103362749793]
Paan_Singh_Tomar_metrics
[-0.583364784962765, 3.9044887467257263, 1.5404346510356115, 10.297787242388758, 1.14114617320435, 12.108212890693396, -1.061286207896088, -4.2966196603586795, 1.4884911811421087]
[-0.6279317021847296, 3.410836041158562, 1.655237776553216, 11.572133590763602, 1.2301283147435602, 13.063170581639747, -1.161421198673226, -4.056229386289738, 1.5999698081266582]
Murder_of_Jessica_Lal_metrics
[-4.220459788822901, 47.26984395716334, 25.68548544129449, -15.35136661817748, 15.971228137632824, 174.68315282004008, -0.8032497898315659, -4.2399881978518845, 28.55214992650255]
[-4.015134878669121, 45.67889592164752, 25.133397096164277, -20.25100719714682, 15.547710374612397, 170.72303773509975, -0.8004256903576239, -4.227123692503459, 28.008177048253707]
Edwin_Alonzo_Boyd_metrics
[-1.2649968679213068, -12.081797078340124, -6.3702454473734855, -20.35704073103417, -5.249838527271771, -66.45995767442332, -0.4595310932968963, -1.1012317788227628, -7.863139005549113]
[-0.09414830161154986, -11.991051292050344, -6.392780185690334, -20.710541005995772, -5.269698399750118, -67.98250270121312, -0.45379917943385456, -0.9268728044637885, -8.141570931836158]
Lonie_Gilmour_metrics
[-1.418341937629547, 12.66219142066353, 3.5886259099537563, -32.80472230761846, 2.6452787564992044, 34.48127529048889, -0.05117104125045524, -3.5798218268501505, 3.6532259913384886]
[-1.2285057804062476, 9.740113498585552, 3.128981739541843, -25.13873743648091, 2.2835256215102717, 23.505665534391436, -0.26574594003588037, -3.0798218268501514, 3.1250752815872795]
